target_model,model_name,term,n_runs,mean_coef,std_coef,min_coef,max_coef,positive_rate,negative_rate
Qwen_Qwen3-4B-Base,full_mixed,C(dominance)[T.-dom],1,0.1541471935453896,,0.1541471935453896,0.1541471935453896,1.0,0.0
Qwen_Qwen3-4B-Base,full_mixed,C(dominance)[T.-dom]:C(semantic_role)[T.patient],1,-0.061177571614584,,-0.061177571614584,-0.061177571614584,0.0,1.0
Qwen_Qwen3-4B-Base,full_mixed,C(semantic_role)[T.patient],1,0.1783857073105347,,0.1783857073105347,0.1783857073105347,1.0,0.0
Qwen_Qwen3-4B-Base,full_mixed,C(syntactic_role)[T.subject],1,-0.2768894740516019,,-0.2768894740516019,-0.2768894740516019,0.0,1.0
Qwen_Qwen3-4B-Base,full_mixed,C(syntactic_role)[T.subject]:C(dominance)[T.-dom],1,0.0610345749627973,,0.0610345749627973,0.0610345749627973,1.0,0.0
Qwen_Qwen3-4B-Base,full_mixed,C(syntactic_role)[T.subject]:C(semantic_role)[T.patient],1,-0.1145292736235124,,-0.1145292736235124,-0.1145292736235124,0.0,1.0
Qwen_Qwen3-4B-Base,full_mixed,C(syntactic_role)[T.subject]:C(valence)[T.-val],1,0.0664184570312496,,0.0664184570312496,0.0664184570312496,1.0,0.0
Qwen_Qwen3-4B-Base,full_mixed,C(tense)[T.past perfect],1,-0.053854370117182,,-0.053854370117182,-0.053854370117182,0.0,1.0
Qwen_Qwen3-4B-Base,full_mixed,C(tense)[T.past perfect]:C(dominance)[T.-dom],1,-0.0947675432477698,,-0.0947675432477698,-0.0947675432477698,0.0,1.0
Qwen_Qwen3-4B-Base,full_mixed,C(tense)[T.past perfect]:C(semantic_role)[T.patient],1,-0.0106907435825916,,-0.0106907435825916,-0.0106907435825916,0.0,1.0
Qwen_Qwen3-4B-Base,full_mixed,C(tense)[T.past perfect]:C(syntactic_role)[T.subject],1,-0.1008658272879484,,-0.1008658272879484,-0.1008658272879484,0.0,1.0
Qwen_Qwen3-4B-Base,full_mixed,C(tense)[T.past perfect]:C(valence)[T.-val],1,0.0931893484933003,,0.0931893484933003,0.0931893484933003,1.0,0.0
Qwen_Qwen3-4B-Base,full_mixed,C(tense)[T.present continuous],1,0.0765167236328179,,0.0765167236328179,0.0765167236328179,1.0,0.0
Qwen_Qwen3-4B-Base,full_mixed,C(tense)[T.present continuous]:C(dominance)[T.-dom],1,-0.050178745814734,,-0.050178745814734,-0.050178745814734,0.0,1.0
Qwen_Qwen3-4B-Base,full_mixed,C(tense)[T.present continuous]:C(semantic_role)[T.patient],1,0.0222734723772296,,0.0222734723772296,0.0222734723772296,1.0,0.0
Qwen_Qwen3-4B-Base,full_mixed,C(tense)[T.present continuous]:C(syntactic_role)[T.subject],1,-0.1258972167968771,,-0.1258972167968771,-0.1258972167968771,0.0,1.0
Qwen_Qwen3-4B-Base,full_mixed,C(tense)[T.present continuous]:C(valence)[T.-val],1,-0.0395621163504495,,-0.0395621163504495,-0.0395621163504495,0.0,1.0
Qwen_Qwen3-4B-Base,full_mixed,C(tense)[T.present perfect],1,-0.0364079066685214,,-0.0364079066685214,-0.0364079066685214,0.0,1.0
Qwen_Qwen3-4B-Base,full_mixed,C(tense)[T.present perfect]:C(dominance)[T.-dom],1,-0.0929242815290197,,-0.0929242815290197,-0.0929242815290197,0.0,1.0
Qwen_Qwen3-4B-Base,full_mixed,C(tense)[T.present perfect]:C(semantic_role)[T.patient],1,0.0650922502790155,,0.0650922502790155,0.0650922502790155,1.0,0.0
Qwen_Qwen3-4B-Base,full_mixed,C(tense)[T.present perfect]:C(syntactic_role)[T.subject],1,-0.0528782435825914,,-0.0528782435825914,-0.0528782435825914,0.0,1.0
Qwen_Qwen3-4B-Base,full_mixed,C(tense)[T.present perfect]:C(valence)[T.-val],1,0.0887407575334789,,0.0887407575334789,0.0887407575334789,1.0,0.0
Qwen_Qwen3-4B-Base,full_mixed,C(tense)[T.simple future],1,0.3355730329241126,,0.3355730329241126,0.3355730329241126,1.0,0.0
Qwen_Qwen3-4B-Base,full_mixed,C(tense)[T.simple future]:C(dominance)[T.-dom],1,-0.1052734375000018,,-0.1052734375000018,-0.1052734375000018,0.0,1.0
Qwen_Qwen3-4B-Base,full_mixed,C(tense)[T.simple future]:C(semantic_role)[T.patient],1,0.0060703822544614,,0.0060703822544614,0.0060703822544614,1.0,0.0
Qwen_Qwen3-4B-Base,full_mixed,C(tense)[T.simple future]:C(syntactic_role)[T.subject],1,-0.1090576171875022,,-0.1090576171875022,-0.1090576171875022,0.0,1.0
Qwen_Qwen3-4B-Base,full_mixed,C(tense)[T.simple future]:C(valence)[T.-val],1,0.0283272879464257,,0.0283272879464257,0.0283272879464257,1.0,0.0
Qwen_Qwen3-4B-Base,full_mixed,C(tense)[T.simple past],1,0.0217786516462104,,0.0217786516462104,0.0217786516462104,1.0,0.0
Qwen_Qwen3-4B-Base,full_mixed,C(tense)[T.simple past]:C(dominance)[T.-dom],1,-0.0956098284040197,,-0.0956098284040197,-0.0956098284040197,0.0,1.0
Qwen_Qwen3-4B-Base,full_mixed,C(tense)[T.simple past]:C(semantic_role)[T.patient],1,0.0346461704799083,,0.0346461704799083,0.0346461704799083,1.0,0.0
Qwen_Qwen3-4B-Base,full_mixed,C(tense)[T.simple past]:C(syntactic_role)[T.subject],1,0.0232918875558016,,0.0232918875558016,0.0232918875558016,1.0,0.0
Qwen_Qwen3-4B-Base,full_mixed,C(tense)[T.simple past]:C(valence)[T.-val],1,0.1146405901227649,,0.1146405901227649,0.1146405901227649,1.0,0.0
Qwen_Qwen3-4B-Base,full_mixed,C(valence)[T.-val],1,0.0948983328683076,,0.0948983328683076,0.0948983328683076,1.0,0.0
Qwen_Qwen3-4B-Base,full_mixed,C(valence)[T.-val]:C(dominance)[T.-dom],1,-0.277536156063989,,-0.277536156063989,-0.277536156063989,0.0,1.0
Qwen_Qwen3-4B-Base,full_mixed,C(valence)[T.-val]:C(semantic_role)[T.patient],1,0.0371134440104155,,0.0371134440104155,0.0371134440104155,1.0,0.0
Qwen_Qwen3-4B-Base,full_mixed,Intercept,1,1.2153422037783284,,1.2153422037783284,1.2153422037783284,1.0,0.0
Qwen_Qwen3-4B-Base,full_mixed_2,C(dominance)[T.-dom],1,0.1478477841331965,,0.1478477841331965,0.1478477841331965,1.0,0.0
Qwen_Qwen3-4B-Base,full_mixed_2,C(dominance)[T.-dom]:C(profession)[T.carpenter],1,0.0690104166666589,,0.0690104166666589,0.0690104166666589,1.0,0.0
Qwen_Qwen3-4B-Base,full_mixed_2,C(dominance)[T.-dom]:C(profession)[T.cashier],1,-0.017281087239592,,-0.017281087239592,-0.017281087239592,0.0,1.0
Qwen_Qwen3-4B-Base,full_mixed_2,C(dominance)[T.-dom]:C(profession)[T.ceo],1,0.1613688151041581,,0.1613688151041581,0.1613688151041581,1.0,0.0
Qwen_Qwen3-4B-Base,full_mixed_2,C(dominance)[T.-dom]:C(profession)[T.cleaner],1,0.1269531249999914,,0.1269531249999914,0.1269531249999914,1.0,0.0
Qwen_Qwen3-4B-Base,full_mixed_2,C(dominance)[T.-dom]:C(profession)[T.cook],1,-0.020587158203134,,-0.020587158203134,-0.020587158203134,0.0,1.0
Qwen_Qwen3-4B-Base,full_mixed_2,C(dominance)[T.-dom]:C(profession)[T.designer],1,-0.0612528483073007,,-0.0612528483073007,-0.0612528483073007,0.0,1.0
Qwen_Qwen3-4B-Base,full_mixed_2,C(dominance)[T.-dom]:C(profession)[T.driver],1,0.017154947916659,,0.017154947916659,0.017154947916659,1.0,0.0
Qwen_Qwen3-4B-Base,full_mixed_2,C(dominance)[T.-dom]:C(profession)[T.lawyer],1,-0.0329996744791755,,-0.0329996744791755,-0.0329996744791755,0.0,1.0
Qwen_Qwen3-4B-Base,full_mixed_2,C(dominance)[T.-dom]:C(profession)[T.manager],1,-0.024861653645842,,-0.024861653645842,-0.024861653645842,0.0,1.0
Qwen_Qwen3-4B-Base,full_mixed_2,C(dominance)[T.-dom]:C(profession)[T.receptionist],1,-0.1421875000000089,,-0.1421875000000089,-0.1421875000000089,0.0,1.0
Qwen_Qwen3-4B-Base,full_mixed_2,C(dominance)[T.-dom]:C(profession)[T.salesperson],1,-0.076928710937509,,-0.076928710937509,-0.076928710937509,0.0,1.0
Qwen_Qwen3-4B-Base,full_mixed_2,C(dominance)[T.-dom]:C(profession)[T.secretary],1,-0.2581481933593842,,-0.2581481933593842,-0.2581481933593842,0.0,1.0
Qwen_Qwen3-4B-Base,full_mixed_2,C(dominance)[T.-dom]:C(profession)[T.teacher],1,-0.0802917480468846,,-0.0802917480468846,-0.0802917480468846,0.0,1.0
Qwen_Qwen3-4B-Base,full_mixed_2,C(profession)[T.carpenter],1,1.7140625000000016,,1.7140625000000016,1.7140625000000016,1.0,0.0
Qwen_Qwen3-4B-Base,full_mixed_2,C(profession)[T.cashier],1,-1.1979715983072632,,-1.1979715983072632,-1.1979715983072632,0.0,1.0
Qwen_Qwen3-4B-Base,full_mixed_2,C(profession)[T.ceo],1,0.5045857747395858,,0.5045857747395858,0.5045857747395858,1.0,0.0
Qwen_Qwen3-4B-Base,full_mixed_2,C(profession)[T.cleaner],1,-1.304115804036437,,-1.304115804036437,-1.304115804036437,0.0,1.0
Qwen_Qwen3-4B-Base,full_mixed_2,C(profession)[T.cook],1,-0.6488433837890398,,-0.6488433837890398,-0.6488433837890398,0.0,1.0
Qwen_Qwen3-4B-Base,full_mixed_2,C(profession)[T.designer],1,-0.630386352539037,,-0.630386352539037,-0.630386352539037,0.0,1.0
Qwen_Qwen3-4B-Base,full_mixed_2,C(profession)[T.driver],1,0.6227701822916801,,0.6227701822916801,0.6227701822916801,1.0,0.0
Qwen_Qwen3-4B-Base,full_mixed_2,C(profession)[T.lawyer],1,0.1283976236979354,,0.1283976236979354,0.1283976236979354,1.0,0.0
Qwen_Qwen3-4B-Base,full_mixed_2,C(profession)[T.manager],1,0.0191365559895936,,0.0191365559895936,0.0191365559895936,1.0,0.0
Qwen_Qwen3-4B-Base,full_mixed_2,C(profession)[T.receptionist],1,-2.2904907226562106,,-2.2904907226562106,-2.2904907226562106,0.0,1.0
Qwen_Qwen3-4B-Base,full_mixed_2,C(profession)[T.salesperson],1,0.1457153320312725,,0.1457153320312725,0.1457153320312725,1.0,0.0
Qwen_Qwen3-4B-Base,full_mixed_2,C(profession)[T.secretary],1,-2.471794637044231,,-2.471794637044231,-2.471794637044231,0.0,1.0
Qwen_Qwen3-4B-Base,full_mixed_2,C(profession)[T.teacher],1,-1.3353342692057029,,-1.3353342692057029,-1.3353342692057029,0.0,1.0
Qwen_Qwen3-4B-Base,full_mixed_2,C(syntactic_role)[T.subject],1,-0.460963367280489,,-0.460963367280489,-0.460963367280489,0.0,1.0
Qwen_Qwen3-4B-Base,full_mixed_2,C(syntactic_role)[T.subject]:C(dominance)[T.-dom],1,0.0610345749627962,,0.0610345749627962,0.0610345749627962,1.0,0.0
Qwen_Qwen3-4B-Base,full_mixed_2,C(syntactic_role)[T.subject]:C(profession)[T.carpenter],1,0.0145833333333277,,0.0145833333333277,0.0145833333333277,1.0,0.0
Qwen_Qwen3-4B-Base,full_mixed_2,C(syntactic_role)[T.subject]:C(profession)[T.cashier],1,0.1196573893229112,,0.1196573893229112,0.1196573893229112,1.0,0.0
Qwen_Qwen3-4B-Base,full_mixed_2,C(syntactic_role)[T.subject]:C(profession)[T.ceo],1,-0.0965576171875053,,-0.0965576171875053,-0.0965576171875053,0.0,1.0
Qwen_Qwen3-4B-Base,full_mixed_2,C(syntactic_role)[T.subject]:C(profession)[T.cleaner],1,0.2193440755208285,,0.2193440755208285,0.2193440755208285,1.0,0.0
Qwen_Qwen3-4B-Base,full_mixed_2,C(syntactic_role)[T.subject]:C(profession)[T.cook],1,0.7075866699218697,,0.7075866699218697,0.7075866699218697,1.0,0.0
Qwen_Qwen3-4B-Base,full_mixed_2,C(syntactic_role)[T.subject]:C(profession)[T.designer],1,0.3810323079427029,,0.3810323079427029,0.3810323079427029,1.0,0.0
Qwen_Qwen3-4B-Base,full_mixed_2,C(syntactic_role)[T.subject]:C(profession)[T.driver],1,-0.1652669270833383,,-0.1652669270833383,-0.1652669270833383,0.0,1.0
Qwen_Qwen3-4B-Base,full_mixed_2,C(syntactic_role)[T.subject]:C(profession)[T.lawyer],1,0.0397867838541612,,0.0397867838541612,0.0397867838541612,1.0,0.0
Qwen_Qwen3-4B-Base,full_mixed_2,C(syntactic_role)[T.subject]:C(profession)[T.manager],1,0.0224202473958284,,0.0224202473958284,0.0224202473958284,1.0,0.0
Qwen_Qwen3-4B-Base,full_mixed_2,C(syntactic_role)[T.subject]:C(profession)[T.receptionist],1,0.0042032877604099,,0.0042032877604099,0.0042032877604099,1.0,0.0
Qwen_Qwen3-4B-Base,full_mixed_2,C(syntactic_role)[T.subject]:C(profession)[T.salesperson],1,-0.3301513671875056,,-0.3301513671875056,-0.3301513671875056,0.0,1.0
Qwen_Qwen3-4B-Base,full_mixed_2,C(syntactic_role)[T.subject]:C(profession)[T.secretary],1,0.5988301595052031,,0.5988301595052031,0.5988301595052031,1.0,0.0
Qwen_Qwen3-4B-Base,full_mixed_2,C(syntactic_role)[T.subject]:C(profession)[T.teacher],1,0.2598612467447861,,0.2598612467447861,0.2598612467447861,1.0,0.0
Qwen_Qwen3-4B-Base,full_mixed_2,C(syntactic_role)[T.subject]:C(valence)[T.-val],1,0.0664184570312485,,0.0664184570312485,0.0664184570312485,1.0,0.0
Qwen_Qwen3-4B-Base,full_mixed_2,C(tense)[T.past perfect],1,-0.0527818952287718,,-0.0527818952287718,-0.0527818952287718,0.0,1.0
Qwen_Qwen3-4B-Base,full_mixed_2,C(tense)[T.past perfect]:C(dominance)[T.-dom],1,-0.094767543247771,,-0.094767543247771,-0.094767543247771,0.0,1.0
Qwen_Qwen3-4B-Base,full_mixed_2,C(tense)[T.past perfect]:C(profession)[T.carpenter],1,-0.1418945312500163,,-0.1418945312500163,-0.1418945312500163,0.0,1.0
Qwen_Qwen3-4B-Base,full_mixed_2,C(tense)[T.past perfect]:C(profession)[T.cashier],1,0.0848754882812308,,0.0848754882812308,0.0848754882812308,1.0,0.0
Qwen_Qwen3-4B-Base,full_mixed_2,C(tense)[T.past perfect]:C(profession)[T.ceo],1,-0.0617675781250199,,-0.0617675781250199,-0.0617675781250199,0.0,1.0
Qwen_Qwen3-4B-Base,full_mixed_2,C(tense)[T.past perfect]:C(profession)[T.cleaner],1,-0.0357238769531437,,-0.0357238769531437,-0.0357238769531437,0.0,1.0
Qwen_Qwen3-4B-Base,full_mixed_2,C(tense)[T.past perfect]:C(profession)[T.cook],1,-0.0718444824218944,,-0.0718444824218944,-0.0718444824218944,0.0,1.0
Qwen_Qwen3-4B-Base,full_mixed_2,C(tense)[T.past perfect]:C(profession)[T.designer],1,0.0283447265624806,,0.0283447265624806,0.0283447265624806,1.0,0.0
Qwen_Qwen3-4B-Base,full_mixed_2,C(tense)[T.past perfect]:C(profession)[T.driver],1,-0.1011718750000185,,-0.1011718750000185,-0.1011718750000185,0.0,1.0
Qwen_Qwen3-4B-Base,full_mixed_2,C(tense)[T.past perfect]:C(profession)[T.lawyer],1,0.034277343749981,,0.034277343749981,0.034277343749981,1.0,0.0
Qwen_Qwen3-4B-Base,full_mixed_2,C(tense)[T.past perfect]:C(profession)[T.manager],1,0.0418212890624821,,0.0418212890624821,0.0418212890624821,1.0,0.0
Qwen_Qwen3-4B-Base,full_mixed_2,C(tense)[T.past perfect]:C(profession)[T.receptionist],1,0.1229309082031054,,0.1229309082031054,0.1229309082031054,1.0,0.0
Qwen_Qwen3-4B-Base,full_mixed_2,C(tense)[T.past perfect]:C(profession)[T.salesperson],1,0.0615234374999801,,0.0615234374999801,0.0615234374999801,1.0,0.0
Qwen_Qwen3-4B-Base,full_mixed_2,C(tense)[T.past perfect]:C(profession)[T.secretary],1,0.0183898925781047,,0.0183898925781047,0.0183898925781047,1.0,0.0
Qwen_Qwen3-4B-Base,full_mixed_2,C(tense)[T.past perfect]:C(profession)[T.teacher],1,-0.0696105957031447,,-0.0696105957031447,-0.0696105957031447,0.0,1.0
Qwen_Qwen3-4B-Base,full_mixed_2,C(tense)[T.past perfect]:C(syntactic_role)[T.subject],1,-0.1008658272879475,,-0.1008658272879475,-0.1008658272879475,0.0,1.0
Qwen_Qwen3-4B-Base,full_mixed_2,C(tense)[T.past perfect]:C(valence)[T.-val],1,0.0931893484932999,,0.0931893484932999,0.0931893484932999,1.0,0.0
Qwen_Qwen3-4B-Base,full_mixed_2,C(tense)[T.present continuous],1,-0.1750422886439497,,-0.1750422886439497,-0.1750422886439497,0.0,1.0
Qwen_Qwen3-4B-Base,full_mixed_2,C(tense)[T.present continuous]:C(dominance)[T.-dom],1,-0.0501787458147345,,-0.0501787458147345,-0.0501787458147345,0.0,1.0
Qwen_Qwen3-4B-Base,full_mixed_2,C(tense)[T.present continuous]:C(profession)[T.carpenter],1,-0.1366699218750181,,-0.1366699218750181,-0.1366699218750181,0.0,1.0
Qwen_Qwen3-4B-Base,full_mixed_2,C(tense)[T.present continuous]:C(profession)[T.cashier],1,0.4042602539062294,,0.4042602539062294,0.4042602539062294,1.0,0.0
Qwen_Qwen3-4B-Base,full_mixed_2,C(tense)[T.present continuous]:C(profession)[T.ceo],1,0.1079833984374786,,0.1079833984374786,0.1079833984374786,1.0,0.0
Qwen_Qwen3-4B-Base,full_mixed_2,C(tense)[T.present continuous]:C(profession)[T.cleaner],1,0.3329711914062299,,0.3329711914062299,0.3329711914062299,1.0,0.0
Qwen_Qwen3-4B-Base,full_mixed_2,C(tense)[T.present continuous]:C(profession)[T.cook],1,0.227252197265604,,0.227252197265604,0.227252197265604,1.0,0.0
Qwen_Qwen3-4B-Base,full_mixed_2,C(tense)[T.present continuous]:C(profession)[T.designer],1,0.2508056640624794,,0.2508056640624794,0.2508056640624794,1.0,0.0
Qwen_Qwen3-4B-Base,full_mixed_2,C(tense)[T.present continuous]:C(profession)[T.driver],1,0.2685058593749799,,0.2685058593749799,0.2685058593749799,1.0,0.0
Qwen_Qwen3-4B-Base,full_mixed_2,C(tense)[T.present continuous]:C(profession)[T.lawyer],1,-0.0244140625000204,,-0.0244140625000204,-0.0244140625000204,0.0,1.0
Qwen_Qwen3-4B-Base,full_mixed_2,C(tense)[T.present continuous]:C(profession)[T.manager],1,0.2377929687499807,,0.2377929687499807,0.2377929687499807,1.0,0.0
Qwen_Qwen3-4B-Base,full_mixed_2,C(tense)[T.present continuous]:C(profession)[T.receptionist],1,0.526751708984354,,0.526751708984354,0.526751708984354,1.0,0.0
Qwen_Qwen3-4B-Base,full_mixed_2,C(tense)[T.present continuous]:C(profession)[T.salesperson],1,0.4979736328124788,,0.4979736328124788,0.4979736328124788,1.0,0.0
Qwen_Qwen3-4B-Base,full_mixed_2,C(tense)[T.present continuous]:C(profession)[T.secretary],1,0.5622192382812284,,0.5622192382812284,0.5622192382812284,1.0,0.0
Qwen_Qwen3-4B-Base,full_mixed_2,C(tense)[T.present continuous]:C(profession)[T.teacher],1,0.4223083496093537,,0.4223083496093537,0.4223083496093537,1.0,0.0
Qwen_Qwen3-4B-Base,full_mixed_2,C(tense)[T.present continuous]:C(syntactic_role)[T.subject],1,-0.1258972167968766,,-0.1258972167968766,-0.1258972167968766,0.0,1.0
Qwen_Qwen3-4B-Base,full_mixed_2,C(tense)[T.present continuous]:C(valence)[T.-val],1,-0.0395621163504489,,-0.0395621163504489,-0.0395621163504489,0.0,1.0
Qwen_Qwen3-4B-Base,full_mixed_2,C(tense)[T.present perfect],1,-0.2800140380859275,,-0.2800140380859275,-0.2800140380859275,0.0,1.0
Qwen_Qwen3-4B-Base,full_mixed_2,C(tense)[T.present perfect]:C(dominance)[T.-dom],1,-0.0929242815290185,,-0.0929242815290185,-0.0929242815290185,0.0,1.0
Qwen_Qwen3-4B-Base,full_mixed_2,C(tense)[T.present perfect]:C(profession)[T.carpenter],1,-0.2467285156250065,,-0.2467285156250065,-0.2467285156250065,0.0,1.0
Qwen_Qwen3-4B-Base,full_mixed_2,C(tense)[T.present perfect]:C(profession)[T.cashier],1,0.5256225585937411,,0.5256225585937411,0.5256225585937411,1.0,0.0
Qwen_Qwen3-4B-Base,full_mixed_2,C(tense)[T.present perfect]:C(profession)[T.ceo],1,0.0777832031249902,,0.0777832031249902,0.0777832031249902,1.0,0.0
Qwen_Qwen3-4B-Base,full_mixed_2,C(tense)[T.present perfect]:C(profession)[T.cleaner],1,0.3114318847656164,,0.3114318847656164,0.3114318847656164,1.0,0.0
Qwen_Qwen3-4B-Base,full_mixed_2,C(tense)[T.present perfect]:C(profession)[T.cook],1,0.2753723144531155,,0.2753723144531155,0.2753723144531155,1.0,0.0
Qwen_Qwen3-4B-Base,full_mixed_2,C(tense)[T.present perfect]:C(profession)[T.designer],1,0.266137695312491,,0.266137695312491,0.266137695312491,1.0,0.0
Qwen_Qwen3-4B-Base,full_mixed_2,C(tense)[T.present perfect]:C(profession)[T.driver],1,0.1632324218749916,,0.1632324218749916,0.1632324218749916,1.0,0.0
Qwen_Qwen3-4B-Base,full_mixed_2,C(tense)[T.present perfect]:C(profession)[T.lawyer],1,0.0399658203124911,,0.0399658203124911,0.0399658203124911,1.0,0.0
Qwen_Qwen3-4B-Base,full_mixed_2,C(tense)[T.present perfect]:C(profession)[T.manager],1,0.2382812499999925,,0.2382812499999925,0.2382812499999925,1.0,0.0
Qwen_Qwen3-4B-Base,full_mixed_2,C(tense)[T.present perfect]:C(profession)[T.receptionist],1,0.6009521484374909,,0.6009521484374909,0.6009521484374909,1.0,0.0
Qwen_Qwen3-4B-Base,full_mixed_2,C(tense)[T.present perfect]:C(profession)[T.salesperson],1,0.4675781249999904,,0.4675781249999904,0.4675781249999904,1.0,0.0
Qwen_Qwen3-4B-Base,full_mixed_2,C(tense)[T.present perfect]:C(profession)[T.secretary],1,0.6864257812499899,,0.6864257812499899,0.6864257812499899,1.0,0.0
Qwen_Qwen3-4B-Base,full_mixed_2,C(tense)[T.present perfect]:C(profession)[T.teacher],1,0.4600769042968657,,0.4600769042968657,0.4600769042968657,1.0,0.0
Qwen_Qwen3-4B-Base,full_mixed_2,C(tense)[T.present perfect]:C(syntactic_role)[T.subject],1,-0.0528782435825906,,-0.0528782435825906,-0.0528782435825906,0.0,1.0
Qwen_Qwen3-4B-Base,full_mixed_2,C(tense)[T.present perfect]:C(valence)[T.-val],1,0.0887407575334816,,0.0887407575334816,0.0887407575334816,1.0,0.0
Qwen_Qwen3-4B-Base,full_mixed_2,C(tense)[T.simple future],1,0.0247889927455512,,0.0247889927455512,0.0247889927455512,1.0,0.0
Qwen_Qwen3-4B-Base,full_mixed_2,C(tense)[T.simple future]:C(dominance)[T.-dom],1,-0.1052734375000009,,-0.1052734375000009,-0.1052734375000009,0.0,1.0
Qwen_Qwen3-4B-Base,full_mixed_2,C(tense)[T.simple future]:C(profession)[T.carpenter],1,-0.1571777343750108,,-0.1571777343750108,-0.1571777343750108,0.0,1.0
Qwen_Qwen3-4B-Base,full_mixed_2,C(tense)[T.simple future]:C(profession)[T.cashier],1,0.4593200683593617,,0.4593200683593617,0.4593200683593617,1.0,0.0
Qwen_Qwen3-4B-Base,full_mixed_2,C(tense)[T.simple future]:C(profession)[T.ceo],1,0.1085449218749856,,0.1085449218749856,0.1085449218749856,1.0,0.0
Qwen_Qwen3-4B-Base,full_mixed_2,C(tense)[T.simple future]:C(profession)[T.cleaner],1,0.4462402343749868,,0.4462402343749868,0.4462402343749868,1.0,0.0
Qwen_Qwen3-4B-Base,full_mixed_2,C(tense)[T.simple future]:C(profession)[T.cook],1,0.0406799316406111,,0.0406799316406111,0.0406799316406111,1.0,0.0
Qwen_Qwen3-4B-Base,full_mixed_2,C(tense)[T.simple future]:C(profession)[T.designer],1,0.3735107421874865,,0.3735107421874865,0.3735107421874865,1.0,0.0
Qwen_Qwen3-4B-Base,full_mixed_2,C(tense)[T.simple future]:C(profession)[T.driver],1,0.277490234374987,,0.277490234374987,0.277490234374987,1.0,0.0
Qwen_Qwen3-4B-Base,full_mixed_2,C(tense)[T.simple future]:C(profession)[T.lawyer],1,0.0839843749999865,,0.0839843749999865,0.0839843749999865,1.0,0.0
Qwen_Qwen3-4B-Base,full_mixed_2,C(tense)[T.simple future]:C(profession)[T.manager],1,0.3700195312499879,,0.3700195312499879,0.3700195312499879,1.0,0.0
Qwen_Qwen3-4B-Base,full_mixed_2,C(tense)[T.simple future]:C(profession)[T.receptionist],1,0.7696105957031109,,0.7696105957031109,0.7696105957031109,1.0,0.0
Qwen_Qwen3-4B-Base,full_mixed_2,C(tense)[T.simple future]:C(profession)[T.salesperson],1,0.4473144531249858,,0.4473144531249858,0.4473144531249858,1.0,0.0
Qwen_Qwen3-4B-Base,full_mixed_2,C(tense)[T.simple future]:C(profession)[T.secretary],1,0.4980346679687355,,0.4980346679687355,0.4980346679687355,1.0,0.0
Qwen_Qwen3-4B-Base,full_mixed_2,C(tense)[T.simple future]:C(profession)[T.teacher],1,0.6758972167968608,,0.6758972167968608,0.6758972167968608,1.0,0.0
Qwen_Qwen3-4B-Base,full_mixed_2,C(tense)[T.simple future]:C(syntactic_role)[T.subject],1,-0.1090576171875015,,-0.1090576171875015,-0.1090576171875015,0.0,1.0
Qwen_Qwen3-4B-Base,full_mixed_2,C(tense)[T.simple future]:C(valence)[T.-val],1,0.0283272879464264,,0.0283272879464264,0.0283272879464264,1.0,0.0
Qwen_Qwen3-4B-Base,full_mixed_2,C(tense)[T.simple past],1,-0.0385929652622539,,-0.0385929652622539,-0.0385929652622539,0.0,1.0
Qwen_Qwen3-4B-Base,full_mixed_2,C(tense)[T.simple past]:C(dominance)[T.-dom],1,-0.09560982840402,,-0.09560982840402,-0.09560982840402,0.0,1.0
Qwen_Qwen3-4B-Base,full_mixed_2,C(tense)[T.simple past]:C(profession)[T.carpenter],1,-0.126904296875017,,-0.126904296875017,-0.126904296875017,0.0,1.0
Qwen_Qwen3-4B-Base,full_mixed_2,C(tense)[T.simple past]:C(profession)[T.cashier],1,0.1465881347656055,,0.1465881347656055,0.1465881347656055,1.0,0.0
Qwen_Qwen3-4B-Base,full_mixed_2,C(tense)[T.simple past]:C(profession)[T.ceo],1,-0.0640136718750202,,-0.0640136718750202,-0.0640136718750202,0.0,1.0
Qwen_Qwen3-4B-Base,full_mixed_2,C(tense)[T.simple past]:C(profession)[T.cleaner],1,0.104809570312481,,0.104809570312481,0.104809570312481,1.0,0.0
Qwen_Qwen3-4B-Base,full_mixed_2,C(tense)[T.simple past]:C(profession)[T.cook],1,0.0639709472656054,,0.0639709472656054,0.0639709472656054,1.0,0.0
Qwen_Qwen3-4B-Base,full_mixed_2,C(tense)[T.simple past]:C(profession)[T.designer],1,0.0238098144531055,,0.0238098144531055,0.0238098144531055,1.0,0.0
Qwen_Qwen3-4B-Base,full_mixed_2,C(tense)[T.simple past]:C(profession)[T.driver],1,0.0266113281249814,,0.0266113281249814,0.0266113281249814,1.0,0.0
Qwen_Qwen3-4B-Base,full_mixed_2,C(tense)[T.simple past]:C(profession)[T.lawyer],1,-0.0300781250000192,,-0.0300781250000192,-0.0300781250000192,0.0,1.0
Qwen_Qwen3-4B-Base,full_mixed_2,C(tense)[T.simple past]:C(profession)[T.manager],1,0.0378417968749821,,0.0378417968749821,0.0378417968749821,1.0,0.0
Qwen_Qwen3-4B-Base,full_mixed_2,C(tense)[T.simple past]:C(profession)[T.receptionist],1,0.3212951660156053,,0.3212951660156053,0.3212951660156053,1.0,0.0
Qwen_Qwen3-4B-Base,full_mixed_2,C(tense)[T.simple past]:C(profession)[T.salesperson],1,0.1930664062499799,,0.1930664062499799,0.1930664062499799,1.0,0.0
Qwen_Qwen3-4B-Base,full_mixed_2,C(tense)[T.simple past]:C(profession)[T.secretary],1,0.2520629882812298,,0.2520629882812298,0.2520629882812298,1.0,0.0
Qwen_Qwen3-4B-Base,full_mixed_2,C(tense)[T.simple past]:C(profession)[T.teacher],1,0.1386657714843552,,0.1386657714843552,0.1386657714843552,1.0,0.0
Qwen_Qwen3-4B-Base,full_mixed_2,C(tense)[T.simple past]:C(syntactic_role)[T.subject],1,0.0232918875558013,,0.0232918875558013,0.0232918875558013,1.0,0.0
Qwen_Qwen3-4B-Base,full_mixed_2,C(tense)[T.simple past]:C(valence)[T.-val],1,0.1146405901227645,,0.1146405901227645,0.1146405901227645,1.0,0.0
Qwen_Qwen3-4B-Base,full_mixed_2,C(valence)[T.-val],1,0.133198184058788,,0.133198184058788,0.133198184058788,1.0,0.0
Qwen_Qwen3-4B-Base,full_mixed_2,C(valence)[T.-val]:C(dominance)[T.-dom],1,-0.2775361560639899,,-0.2775361560639899,-0.2775361560639899,0.0,1.0
Qwen_Qwen3-4B-Base,full_mixed_2,C(valence)[T.-val]:C(profession)[T.carpenter],1,0.0499999999999959,,0.0499999999999959,0.0499999999999959,1.0,0.0
Qwen_Qwen3-4B-Base,full_mixed_2,C(valence)[T.-val]:C(profession)[T.cashier],1,-0.0472656250000045,,-0.0472656250000045,-0.0472656250000045,0.0,1.0
Qwen_Qwen3-4B-Base,full_mixed_2,C(valence)[T.-val]:C(profession)[T.ceo],1,-0.0720296223958376,,-0.0720296223958376,-0.0720296223958376,0.0,1.0
Qwen_Qwen3-4B-Base,full_mixed_2,C(valence)[T.-val]:C(profession)[T.cleaner],1,0.0321736653645789,,0.0321736653645789,0.0321736653645789,1.0,0.0
Qwen_Qwen3-4B-Base,full_mixed_2,C(valence)[T.-val]:C(profession)[T.cook],1,0.0188293457031203,,0.0188293457031203,0.0188293457031203,1.0,0.0
Qwen_Qwen3-4B-Base,full_mixed_2,C(valence)[T.-val]:C(profession)[T.designer],1,0.0633076985677036,,0.0633076985677036,0.0633076985677036,1.0,0.0
Qwen_Qwen3-4B-Base,full_mixed_2,C(valence)[T.-val]:C(profession)[T.driver],1,0.0918294270833296,,0.0918294270833296,0.0918294270833296,1.0,0.0
Qwen_Qwen3-4B-Base,full_mixed_2,C(valence)[T.-val]:C(profession)[T.lawyer],1,-0.0185628255208378,,-0.0185628255208378,-0.0185628255208378,0.0,1.0
Qwen_Qwen3-4B-Base,full_mixed_2,C(valence)[T.-val]:C(profession)[T.manager],1,-0.022062174479171,,-0.022062174479171,-0.022062174479171,0.0,1.0
Qwen_Qwen3-4B-Base,full_mixed_2,C(valence)[T.-val]:C(profession)[T.receptionist],1,-0.1802897135416715,,-0.1802897135416715,-0.1802897135416715,0.0,1.0
Qwen_Qwen3-4B-Base,full_mixed_2,C(valence)[T.-val]:C(profession)[T.salesperson],1,0.0616455078124948,,0.0616455078124948,0.0616455078124948,1.0,0.0
Qwen_Qwen3-4B-Base,full_mixed_2,C(valence)[T.-val]:C(profession)[T.secretary],1,-0.1647928873697962,,-0.1647928873697962,-0.1647928873697962,0.0,1.0
Qwen_Qwen3-4B-Base,full_mixed_2,C(valence)[T.-val]:C(profession)[T.teacher],1,-0.0891866048177132,,-0.0891866048177132,-0.0891866048177132,0.0,1.0
Qwen_Qwen3-4B-Base,full_mixed_2,Intercept,1,1.7862685430617096,,1.7862685430617096,1.7862685430617096,1.0,0.0
Qwen_Qwen3-4B-Base,no_dominance,C(semantic_role)[T.patient],1,0.1477969215042968,,0.1477969215042968,0.1477969215042968,1.0,0.0
Qwen_Qwen3-4B-Base,no_dominance,C(syntactic_role)[T.subject],1,-0.2463721865714339,,-0.2463721865714339,-0.2463721865714339,0.0,1.0
Qwen_Qwen3-4B-Base,no_dominance,C(syntactic_role)[T.subject]:C(semantic_role)[T.patient],1,-0.114529273623511,,-0.114529273623511,-0.114529273623511,0.0,1.0
Qwen_Qwen3-4B-Base,no_dominance,C(syntactic_role)[T.subject]:C(valence)[T.-val],1,0.0664184570312506,,0.0664184570312506,0.0664184570312506,1.0,0.0
Qwen_Qwen3-4B-Base,no_dominance,C(tense)[T.past perfect],1,-0.1012381417410737,,-0.1012381417410737,-0.1012381417410737,0.0,1.0
Qwen_Qwen3-4B-Base,no_dominance,C(tense)[T.past perfect]:C(semantic_role)[T.patient],1,-0.0106907435825884,,-0.0106907435825884,-0.0106907435825884,0.0,1.0
Qwen_Qwen3-4B-Base,no_dominance,C(tense)[T.past perfect]:C(syntactic_role)[T.subject],1,-0.1008658272879445,,-0.1008658272879445,-0.1008658272879445,0.0,1.0
Qwen_Qwen3-4B-Base,no_dominance,C(tense)[T.past perfect]:C(valence)[T.-val],1,0.0931893484933041,,0.0931893484933041,0.0931893484933041,1.0,0.0
Qwen_Qwen3-4B-Base,no_dominance,C(tense)[T.present continuous],1,0.0514273507254436,,0.0514273507254436,0.0514273507254436,1.0,0.0
Qwen_Qwen3-4B-Base,no_dominance,C(tense)[T.present continuous]:C(semantic_role)[T.patient],1,0.0222734723772334,,0.0222734723772334,0.0222734723772334,1.0,0.0
Qwen_Qwen3-4B-Base,no_dominance,C(tense)[T.present continuous]:C(syntactic_role)[T.subject],1,-0.1258972167968731,,-0.1258972167968731,-0.1258972167968731,0.0,1.0
Qwen_Qwen3-4B-Base,no_dominance,C(tense)[T.present continuous]:C(valence)[T.-val],1,-0.0395621163504455,,-0.0395621163504455,-0.0395621163504455,0.0,1.0
Qwen_Qwen3-4B-Base,no_dominance,C(tense)[T.present perfect],1,-0.0828700474330385,,-0.0828700474330385,-0.0828700474330385,0.0,1.0
Qwen_Qwen3-4B-Base,no_dominance,C(tense)[T.present perfect]:C(semantic_role)[T.patient],1,0.0650922502790191,,0.0650922502790191,0.0650922502790191,1.0,0.0
Qwen_Qwen3-4B-Base,no_dominance,C(tense)[T.present perfect]:C(syntactic_role)[T.subject],1,-0.0528782435825871,,-0.0528782435825871,-0.0528782435825871,0.0,1.0
Qwen_Qwen3-4B-Base,no_dominance,C(tense)[T.present perfect]:C(valence)[T.-val],1,0.0887407575334829,,0.0887407575334829,0.0887407575334829,1.0,0.0
Qwen_Qwen3-4B-Base,no_dominance,C(tense)[T.simple future],1,0.2829363141741043,,0.2829363141741043,0.2829363141741043,1.0,0.0
Qwen_Qwen3-4B-Base,no_dominance,C(tense)[T.simple future]:C(semantic_role)[T.patient],1,0.0060703822544659,,0.0060703822544659,0.0060703822544659,1.0,0.0
Qwen_Qwen3-4B-Base,no_dominance,C(tense)[T.simple future]:C(syntactic_role)[T.subject],1,-0.1090576171874988,,-0.1090576171874988,-0.1090576171874988,0.0,1.0
Qwen_Qwen3-4B-Base,no_dominance,C(tense)[T.simple future]:C(valence)[T.-val],1,0.0283272879464296,,0.0283272879464296,0.0283272879464296,1.0,0.0
Qwen_Qwen3-4B-Base,no_dominance,C(tense)[T.simple past],1,-0.0260262625558065,,-0.0260262625558065,-0.0260262625558065,0.0,1.0
Qwen_Qwen3-4B-Base,no_dominance,C(tense)[T.simple past]:C(semantic_role)[T.patient],1,0.0346461704799122,,0.0346461704799122,0.0346461704799122,1.0,0.0
Qwen_Qwen3-4B-Base,no_dominance,C(tense)[T.simple past]:C(syntactic_role)[T.subject],1,0.0232918875558056,,0.0232918875558056,0.0232918875558056,1.0,0.0
Qwen_Qwen3-4B-Base,no_dominance,C(tense)[T.simple past]:C(valence)[T.-val],1,0.1146405901227686,,0.1146405901227686,0.1146405901227686,1.0,0.0
Qwen_Qwen3-4B-Base,no_dominance,C(valence)[T.-val],1,-0.0438697451636918,,-0.0438697451636918,-0.0438697451636918,0.0,1.0
Qwen_Qwen3-4B-Base,no_dominance,C(valence)[T.-val]:C(semantic_role)[T.patient],1,0.037113444010417,,0.037113444010417,0.037113444010417,1.0,0.0
Qwen_Qwen3-4B-Base,no_dominance,Intercept,1,1.292415800560251,,1.292415800560251,1.292415800560251,1.0,0.0
Qwen_Qwen3-4B-Base,no_profession,C(dominance)[T.-dom],1,0.1235584077380862,,0.1235584077380862,0.1235584077380862,1.0,0.0
Qwen_Qwen3-4B-Base,no_profession,C(dominance)[T.-dom]:C(syntactic_role)[T.subject],1,0.0610345749627968,,0.0610345749627968,0.0610345749627968,1.0,0.0
Qwen_Qwen3-4B-Base,no_profession,C(syntactic_role)[T.subject],1,-0.3341541108630699,,-0.3341541108630699,-0.3341541108630699,0.0,1.0
Qwen_Qwen3-4B-Base,no_profession,C(tense)[T.past perfect],1,-0.0591997419084789,,-0.0591997419084789,-0.0591997419084789,0.0,1.0
Qwen_Qwen3-4B-Base,no_profession,C(tense)[T.past perfect]:C(dominance)[T.-dom],1,-0.0947675432477707,,-0.0947675432477707,-0.0947675432477707,0.0,1.0
Qwen_Qwen3-4B-Base,no_profession,C(tense)[T.past perfect]:C(syntactic_role)[T.subject],1,-0.1008658272879451,,-0.1008658272879451,-0.1008658272879451,0.0,1.0
Qwen_Qwen3-4B-Base,no_profession,C(tense)[T.past perfect]:C(valence)[T.-val],1,0.0931893484933005,,0.0931893484933005,0.0931893484933005,1.0,0.0
Qwen_Qwen3-4B-Base,no_profession,C(tense)[T.present continuous],1,0.0876534598214251,,0.0876534598214251,0.0876534598214251,1.0,0.0
Qwen_Qwen3-4B-Base,no_profession,C(tense)[T.present continuous]:C(dominance)[T.-dom],1,-0.0501787458147295,,-0.0501787458147295,-0.0501787458147295,0.0,1.0
Qwen_Qwen3-4B-Base,no_profession,C(tense)[T.present continuous]:C(syntactic_role)[T.subject],1,-0.1258972167968759,,-0.1258972167968759,-0.1258972167968759,0.0,1.0
Qwen_Qwen3-4B-Base,no_profession,C(tense)[T.present continuous]:C(valence)[T.-val],1,-0.0395621163504442,,-0.0395621163504442,-0.0395621163504442,0.0,1.0
Qwen_Qwen3-4B-Base,no_profession,C(tense)[T.present perfect],1,-0.0038617815290168,,-0.0038617815290168,-0.0038617815290168,0.0,1.0
Qwen_Qwen3-4B-Base,no_profession,C(tense)[T.present perfect]:C(dominance)[T.-dom],1,-0.092924281529019,,-0.092924281529019,-0.092924281529019,0.0,1.0
Qwen_Qwen3-4B-Base,no_profession,C(tense)[T.present perfect]:C(syntactic_role)[T.subject],1,-0.0528782435825893,,-0.0528782435825893,-0.0528782435825893,0.0,1.0
Qwen_Qwen3-4B-Base,no_profession,C(tense)[T.present perfect]:C(valence)[T.-val],1,0.0887407575334815,,0.0887407575334815,0.0887407575334815,1.0,0.0
Qwen_Qwen3-4B-Base,no_profession,C(tense)[T.simple future],1,0.3386082240513356,,0.3386082240513356,0.3386082240513356,1.0,0.0
Qwen_Qwen3-4B-Base,no_profession,C(tense)[T.simple future]:C(dominance)[T.-dom],1,-0.1052734374999979,,-0.1052734374999979,-0.1052734374999979,0.0,1.0
Qwen_Qwen3-4B-Base,no_profession,C(tense)[T.simple future]:C(syntactic_role)[T.subject],1,-0.1090576171875006,,-0.1090576171875006,-0.1090576171875006,0.0,1.0
Qwen_Qwen3-4B-Base,no_profession,C(tense)[T.simple future]:C(valence)[T.-val],1,0.0283272879464312,,0.0283272879464312,0.0283272879464312,1.0,0.0
Qwen_Qwen3-4B-Base,no_profession,C(tense)[T.simple past],1,0.0391017368861611,,0.0391017368861611,0.0391017368861611,1.0,0.0
Qwen_Qwen3-4B-Base,no_profession,C(tense)[T.simple past]:C(dominance)[T.-dom],1,-0.0956098284040184,,-0.0956098284040184,-0.0956098284040184,0.0,1.0
Qwen_Qwen3-4B-Base,no_profession,C(tense)[T.simple past]:C(syntactic_role)[T.subject],1,0.0232918875558045,,0.0232918875558045,0.0232918875558045,1.0,0.0
Qwen_Qwen3-4B-Base,no_profession,C(tense)[T.simple past]:C(valence)[T.-val],1,0.1146405901227665,,0.1146405901227665,0.1146405901227665,1.0,0.0
Qwen_Qwen3-4B-Base,no_profession,C(valence)[T.-val],1,0.1134550548735042,,0.1134550548735042,0.1134550548735042,1.0,0.0
Qwen_Qwen3-4B-Base,no_profession,C(valence)[T.-val]:C(dominance)[T.-dom],1,-0.2775361560639775,,-0.2775361560639775,-0.2775361560639775,0.0,1.0
Qwen_Qwen3-4B-Base,no_profession,C(valence)[T.-val]:C(syntactic_role)[T.subject],1,0.0664184570312474,,0.0664184570312474,0.0664184570312474,1.0,0.0
Qwen_Qwen3-4B-Base,no_profession,Intercept,1,1.3045350574311383,,1.3045350574311383,1.3045350574311383,1.0,0.0
Qwen_Qwen3-4B-Base,no_semantic_role,C(dominance)[T.-dom],1,0.1235584077380963,,0.1235584077380963,0.1235584077380963,1.0,0.0
Qwen_Qwen3-4B-Base,no_semantic_role,C(syntactic_role)[T.subject],1,-0.3341541108631406,,-0.3341541108631406,-0.3341541108631406,0.0,1.0
Qwen_Qwen3-4B-Base,no_semantic_role,C(syntactic_role)[T.subject]:C(dominance)[T.-dom],1,0.0610345749627973,,0.0610345749627973,0.0610345749627973,1.0,0.0
Qwen_Qwen3-4B-Base,no_semantic_role,C(syntactic_role)[T.subject]:C(valence)[T.-val],1,0.0664184570312497,,0.0664184570312497,0.0664184570312497,1.0,0.0
Qwen_Qwen3-4B-Base,no_semantic_role,C(tense)[T.past perfect],1,-0.0591997419084842,,-0.0591997419084842,-0.0591997419084842,0.0,1.0
Qwen_Qwen3-4B-Base,no_semantic_role,C(tense)[T.past perfect]:C(dominance)[T.-dom],1,-0.094767543247768,,-0.094767543247768,-0.094767543247768,0.0,1.0
Qwen_Qwen3-4B-Base,no_semantic_role,C(tense)[T.past perfect]:C(syntactic_role)[T.subject],1,-0.1008658272879446,,-0.1008658272879446,-0.1008658272879446,0.0,1.0
Qwen_Qwen3-4B-Base,no_semantic_role,C(tense)[T.past perfect]:C(valence)[T.-val],1,0.093189348493305,,0.093189348493305,0.093189348493305,1.0,0.0
Qwen_Qwen3-4B-Base,no_semantic_role,C(tense)[T.present continuous],1,0.0876534598214265,,0.0876534598214265,0.0876534598214265,1.0,0.0
Qwen_Qwen3-4B-Base,no_semantic_role,C(tense)[T.present continuous]:C(dominance)[T.-dom],1,-0.0501787458147323,,-0.0501787458147323,-0.0501787458147323,0.0,1.0
Qwen_Qwen3-4B-Base,no_semantic_role,C(tense)[T.present continuous]:C(syntactic_role)[T.subject],1,-0.1258972167968733,,-0.1258972167968733,-0.1258972167968733,0.0,1.0
Qwen_Qwen3-4B-Base,no_semantic_role,C(tense)[T.present continuous]:C(valence)[T.-val],1,-0.0395621163504449,,-0.0395621163504449,-0.0395621163504449,0.0,1.0
Qwen_Qwen3-4B-Base,no_semantic_role,C(tense)[T.present perfect],1,-0.0038617815290193,,-0.0038617815290193,-0.0038617815290193,0.0,1.0
Qwen_Qwen3-4B-Base,no_semantic_role,C(tense)[T.present perfect]:C(dominance)[T.-dom],1,-0.0929242815290184,,-0.0929242815290184,-0.0929242815290184,0.0,1.0
Qwen_Qwen3-4B-Base,no_semantic_role,C(tense)[T.present perfect]:C(syntactic_role)[T.subject],1,-0.0528782435825877,,-0.0528782435825877,-0.0528782435825877,0.0,1.0
Qwen_Qwen3-4B-Base,no_semantic_role,C(tense)[T.present perfect]:C(valence)[T.-val],1,0.0887407575334833,,0.0887407575334833,0.0887407575334833,1.0,0.0
Qwen_Qwen3-4B-Base,no_semantic_role,C(tense)[T.simple future],1,0.3386082240513378,,0.3386082240513378,0.3386082240513378,1.0,0.0
Qwen_Qwen3-4B-Base,no_semantic_role,C(tense)[T.simple future]:C(dominance)[T.-dom],1,-0.1052734375000006,,-0.1052734375000006,-0.1052734375000006,0.0,1.0
Qwen_Qwen3-4B-Base,no_semantic_role,C(tense)[T.simple future]:C(syntactic_role)[T.subject],1,-0.1090576171874985,,-0.1090576171874985,-0.1090576171874985,0.0,1.0
Qwen_Qwen3-4B-Base,no_semantic_role,C(tense)[T.simple future]:C(valence)[T.-val],1,0.0283272879464296,,0.0283272879464296,0.0283272879464296,1.0,0.0
Qwen_Qwen3-4B-Base,no_semantic_role,C(tense)[T.simple past],1,0.0391017368861596,,0.0391017368861596,0.0391017368861596,1.0,0.0
Qwen_Qwen3-4B-Base,no_semantic_role,C(tense)[T.simple past]:C(dominance)[T.-dom],1,-0.0956098284040187,,-0.0956098284040187,-0.0956098284040187,0.0,1.0
Qwen_Qwen3-4B-Base,no_semantic_role,C(tense)[T.simple past]:C(syntactic_role)[T.subject],1,0.023291887555805,,0.023291887555805,0.023291887555805,1.0,0.0
Qwen_Qwen3-4B-Base,no_semantic_role,C(tense)[T.simple past]:C(valence)[T.-val],1,0.1146405901227685,,0.1146405901227685,0.1146405901227685,1.0,0.0
Qwen_Qwen3-4B-Base,no_semantic_role,C(valence)[T.-val],1,0.1134550548735114,,0.1134550548735114,0.1134550548735114,1.0,0.0
Qwen_Qwen3-4B-Base,no_semantic_role,C(valence)[T.-val]:C(dominance)[T.-dom],1,-0.2775361560639887,,-0.2775361560639887,-0.2775361560639887,0.0,1.0
Qwen_Qwen3-4B-Base,no_semantic_role,Intercept,1,1.3045350574312973,,1.3045350574312973,1.3045350574312973,1.0,0.0
Qwen_Qwen3-4B-Base,no_syntactic_role,C(dominance)[T.-dom],1,0.1846644810267889,,0.1846644810267889,0.1846644810267889,1.0,0.0
Qwen_Qwen3-4B-Base,no_syntactic_role,C(dominance)[T.-dom]:C(semantic_role)[T.patient],1,-0.061177571614584,,-0.061177571614584,-0.061177571614584,0.0,1.0
Qwen_Qwen3-4B-Base,no_syntactic_role,C(semantic_role)[T.patient],1,0.1211210704986425,,0.1211210704986425,0.1211210704986425,1.0,0.0
Qwen_Qwen3-4B-Base,no_syntactic_role,C(tense)[T.past perfect],1,-0.1042872837611574,,-0.1042872837611574,-0.1042872837611574,0.0,1.0
Qwen_Qwen3-4B-Base,no_syntactic_role,C(tense)[T.past perfect]:C(dominance)[T.-dom],1,-0.094767543247771,,-0.094767543247771,-0.094767543247771,0.0,1.0
Qwen_Qwen3-4B-Base,no_syntactic_role,C(tense)[T.past perfect]:C(semantic_role)[T.patient],1,-0.01069074358259,,-0.01069074358259,-0.01069074358259,0.0,1.0
Qwen_Qwen3-4B-Base,no_syntactic_role,C(tense)[T.past perfect]:C(valence)[T.-val],1,0.0931893484933026,,0.0931893484933026,0.0931893484933026,1.0,0.0
Qwen_Qwen3-4B-Base,no_syntactic_role,C(tense)[T.present continuous],1,0.0135681152343777,,0.0135681152343777,0.0135681152343777,1.0,0.0
Qwen_Qwen3-4B-Base,no_syntactic_role,C(tense)[T.present continuous]:C(dominance)[T.-dom],1,-0.0501787458147351,,-0.0501787458147351,-0.0501787458147351,0.0,1.0
Qwen_Qwen3-4B-Base,no_syntactic_role,C(tense)[T.present continuous]:C(semantic_role)[T.patient],1,0.0222734723772315,,0.0222734723772315,0.0222734723772315,1.0,0.0
Qwen_Qwen3-4B-Base,no_syntactic_role,C(tense)[T.present continuous]:C(valence)[T.-val],1,-0.039562116350447,,-0.039562116350447,-0.039562116350447,0.0,1.0
Qwen_Qwen3-4B-Base,no_syntactic_role,C(tense)[T.present perfect],1,-0.0628470284598186,,-0.0628470284598186,-0.0628470284598186,0.0,1.0
Qwen_Qwen3-4B-Base,no_syntactic_role,C(tense)[T.present perfect]:C(dominance)[T.-dom],1,-0.0929242815290208,,-0.0929242815290208,-0.0929242815290208,0.0,1.0
Qwen_Qwen3-4B-Base,no_syntactic_role,C(tense)[T.present perfect]:C(semantic_role)[T.patient],1,0.0650922502790172,,0.0650922502790172,0.0650922502790172,1.0,0.0
Qwen_Qwen3-4B-Base,no_syntactic_role,C(tense)[T.present perfect]:C(valence)[T.-val],1,0.0887407575334814,,0.0887407575334814,0.0887407575334814,1.0,0.0
Qwen_Qwen3-4B-Base,no_syntactic_role,C(tense)[T.simple future],1,0.2810442243303591,,0.2810442243303591,0.2810442243303591,1.0,0.0
Qwen_Qwen3-4B-Base,no_syntactic_role,C(tense)[T.simple future]:C(dominance)[T.-dom],1,-0.1052734375000025,,-0.1052734375000025,-0.1052734375000025,0.0,1.0
Qwen_Qwen3-4B-Base,no_syntactic_role,C(tense)[T.simple future]:C(semantic_role)[T.patient],1,0.0060703822544644,,0.0060703822544644,0.0060703822544644,1.0,0.0
Qwen_Qwen3-4B-Base,no_syntactic_role,C(tense)[T.simple future]:C(valence)[T.-val],1,0.0283272879464281,,0.0283272879464281,0.0283272879464281,1.0,0.0
Qwen_Qwen3-4B-Base,no_syntactic_role,C(tense)[T.simple past],1,0.0334245954241095,,0.0334245954241095,0.0334245954241095,1.0,0.0
Qwen_Qwen3-4B-Base,no_syntactic_role,C(tense)[T.simple past]:C(dominance)[T.-dom],1,-0.0956098284040206,,-0.0956098284040206,-0.0956098284040206,0.0,1.0
Qwen_Qwen3-4B-Base,no_syntactic_role,C(tense)[T.simple past]:C(semantic_role)[T.patient],1,0.0346461704799104,,0.0346461704799104,0.0346461704799104,1.0,0.0
Qwen_Qwen3-4B-Base,no_syntactic_role,C(tense)[T.simple past]:C(valence)[T.-val],1,0.1146405901227673,,0.1146405901227673,0.1146405901227673,1.0,0.0
Qwen_Qwen3-4B-Base,no_syntactic_role,C(valence)[T.-val],1,0.1281075613839289,,0.1281075613839289,0.1281075613839289,1.0,0.0
Qwen_Qwen3-4B-Base,no_syntactic_role,C(valence)[T.-val]:C(dominance)[T.-dom],1,-0.2775361560639879,,-0.2775361560639879,-0.2775361560639879,0.0,1.0
Qwen_Qwen3-4B-Base,no_syntactic_role,C(valence)[T.-val]:C(semantic_role)[T.patient],1,0.0371134440104166,,0.0371134440104166,0.0371134440104166,1.0,0.0
Qwen_Qwen3-4B-Base,no_syntactic_role,Intercept,1,1.07689746675143,,1.07689746675143,1.07689746675143,1.0,0.0
Qwen_Qwen3-4B-Base,no_tense,C(dominance)[T.-dom],1,0.0810215541294641,,0.0810215541294641,0.0810215541294641,1.0,0.0
Qwen_Qwen3-4B-Base,no_tense,C(dominance)[T.-dom]:C(semantic_role)[T.patient],1,-0.0611775716145831,,-0.0611775716145831,-0.0611775716145831,0.0,1.0
Qwen_Qwen3-4B-Base,no_tense,C(semantic_role)[T.patient],1,0.197950962611325,,0.197950962611325,0.197950962611325,1.0,0.0
Qwen_Qwen3-4B-Base,no_tense,C(syntactic_role)[T.subject],1,-0.3377906436008798,,-0.3377906436008798,-0.3377906436008798,0.0,1.0
Qwen_Qwen3-4B-Base,no_tense,C(syntactic_role)[T.subject]:C(dominance)[T.-dom],1,0.0610345749627972,,0.0610345749627972,0.0610345749627972,1.0,0.0
Qwen_Qwen3-4B-Base,no_tense,C(syntactic_role)[T.subject]:C(semantic_role)[T.patient],1,-0.1145292736235114,,-0.1145292736235114,-0.1145292736235114,0.0,1.0
Qwen_Qwen3-4B-Base,no_tense,C(syntactic_role)[T.subject]:C(valence)[T.-val],1,0.0664184570312497,,0.0664184570312497,0.0664184570312497,1.0,0.0
Qwen_Qwen3-4B-Base,no_tense,C(valence)[T.-val],1,0.1424543108258925,,0.1424543108258925,0.1424543108258925,1.0,0.0
Qwen_Qwen3-4B-Base,no_tense,C(valence)[T.-val]:C(dominance)[T.-dom],1,-0.2775361560639873,,-0.2775361560639873,-0.2775361560639873,0.0,1.0
Qwen_Qwen3-4B-Base,no_tense,C(valence)[T.-val]:C(semantic_role)[T.patient],1,0.0371134440104169,,0.0371134440104169,0.0371134440104169,1.0,0.0
Qwen_Qwen3-4B-Base,no_tense,Intercept,1,1.272609892343158,,1.272609892343158,1.272609892343158,1.0,0.0
Qwen_Qwen3-4B-Base,no_valence,C(dominance)[T.-dom],1,0.0153791155133912,,0.0153791155133912,0.0153791155133912,1.0,0.0
Qwen_Qwen3-4B-Base,no_valence,C(dominance)[T.-dom]:C(semantic_role)[T.patient],1,-0.0611775716145823,,-0.0611775716145823,-0.0611775716145823,0.0,1.0
Qwen_Qwen3-4B-Base,no_valence,C(semantic_role)[T.patient],1,0.196942429316072,,0.196942429316072,0.196942429316072,1.0,0.0
Qwen_Qwen3-4B-Base,no_valence,C(syntactic_role)[T.subject],1,-0.2436802455363888,,-0.2436802455363888,-0.2436802455363888,0.0,1.0
Qwen_Qwen3-4B-Base,no_valence,C(syntactic_role)[T.subject]:C(dominance)[T.-dom],1,0.0610345749627975,,0.0610345749627975,0.0610345749627975,1.0,0.0
Qwen_Qwen3-4B-Base,no_valence,C(syntactic_role)[T.subject]:C(semantic_role)[T.patient],1,-0.1145292736235117,,-0.1145292736235117,-0.1145292736235117,0.0,1.0
Qwen_Qwen3-4B-Base,no_valence,C(tense)[T.past perfect],1,-0.0072596958705384,,-0.0072596958705384,-0.0072596958705384,0.0,1.0
Qwen_Qwen3-4B-Base,no_valence,C(tense)[T.past perfect]:C(dominance)[T.-dom],1,-0.0947675432477666,,-0.0947675432477666,-0.0947675432477666,0.0,1.0
Qwen_Qwen3-4B-Base,no_valence,C(tense)[T.past perfect]:C(semantic_role)[T.patient],1,-0.0106907435825864,,-0.0106907435825864,-0.0106907435825864,0.0,1.0
Qwen_Qwen3-4B-Base,no_valence,C(tense)[T.past perfect]:C(syntactic_role)[T.subject],1,-0.1008658272879462,,-0.1008658272879462,-0.1008658272879462,0.0,1.0
Qwen_Qwen3-4B-Base,no_valence,C(tense)[T.present continuous],1,0.0567356654575869,,0.0567356654575869,0.0567356654575869,1.0,0.0
Qwen_Qwen3-4B-Base,no_valence,C(tense)[T.present continuous]:C(dominance)[T.-dom],1,-0.0501787458147309,,-0.0501787458147309,-0.0501787458147309,0.0,1.0
Qwen_Qwen3-4B-Base,no_valence,C(tense)[T.present continuous]:C(semantic_role)[T.patient],1,0.0222734723772348,,0.0222734723772348,0.0222734723772348,1.0,0.0
Qwen_Qwen3-4B-Base,no_valence,C(tense)[T.present continuous]:C(syntactic_role)[T.subject],1,-0.1258972167968749,,-0.1258972167968749,-0.1258972167968749,0.0,1.0
Qwen_Qwen3-4B-Base,no_valence,C(tense)[T.present perfect],1,0.0079624720982118,,0.0079624720982118,0.0079624720982118,1.0,0.0
Qwen_Qwen3-4B-Base,no_valence,C(tense)[T.present perfect]:C(dominance)[T.-dom],1,-0.0929242815290166,,-0.0929242815290166,-0.0929242815290166,0.0,1.0
Qwen_Qwen3-4B-Base,no_valence,C(tense)[T.present perfect]:C(semantic_role)[T.patient],1,0.0650922502790206,,0.0650922502790206,0.0650922502790206,1.0,0.0
Qwen_Qwen3-4B-Base,no_valence,C(tense)[T.present perfect]:C(syntactic_role)[T.subject],1,-0.0528782435825892,,-0.0528782435825892,-0.0528782435825892,0.0,1.0
Qwen_Qwen3-4B-Base,no_valence,C(tense)[T.simple future],1,0.3497366768973199,,0.3497366768973199,0.3497366768973199,1.0,0.0
Qwen_Qwen3-4B-Base,no_valence,C(tense)[T.simple future]:C(dominance)[T.-dom],1,-0.1052734374999992,,-0.1052734374999992,-0.1052734374999992,0.0,1.0
Qwen_Qwen3-4B-Base,no_valence,C(tense)[T.simple future]:C(semantic_role)[T.patient],1,0.0060703822544663,,0.0060703822544663,0.0060703822544663,1.0,0.0
Qwen_Qwen3-4B-Base,no_valence,C(tense)[T.simple future]:C(syntactic_role)[T.subject],1,-0.1090576171875004,,-0.1090576171875004,-0.1090576171875004,0.0,1.0
Qwen_Qwen3-4B-Base,no_valence,C(tense)[T.simple past],1,0.0790989467075875,,0.0790989467075875,0.0790989467075875,1.0,0.0
Qwen_Qwen3-4B-Base,no_valence,C(tense)[T.simple past]:C(dominance)[T.-dom],1,-0.0956098284040169,,-0.0956098284040169,-0.0956098284040169,0.0,1.0
Qwen_Qwen3-4B-Base,no_valence,C(tense)[T.simple past]:C(semantic_role)[T.patient],1,0.034646170479913,,0.034646170479913,0.034646170479913,1.0,0.0
Qwen_Qwen3-4B-Base,no_valence,C(tense)[T.simple past]:C(syntactic_role)[T.subject],1,0.0232918875558031,,0.0232918875558031,0.0232918875558031,1.0,0.0
Qwen_Qwen3-4B-Base,no_valence,Intercept,1,1.2627913702154203,,1.2627913702154203,1.2627913702154203,1.0,0.0
allenai_Olmo-3-1025-7B,full_mixed,C(dominance)[T.-dom],1,0.024261765252981,,0.024261765252981,0.024261765252981,1.0,0.0
allenai_Olmo-3-1025-7B,full_mixed,C(dominance)[T.-dom]:C(semantic_role)[T.patient],1,0.0390279134114568,,0.0390279134114568,0.0390279134114568,1.0,0.0
allenai_Olmo-3-1025-7B,full_mixed,C(semantic_role)[T.patient],1,-0.0165335518974139,,-0.0165335518974139,-0.0165335518974139,0.0,1.0
allenai_Olmo-3-1025-7B,full_mixed,C(syntactic_role)[T.subject],1,-0.2261163620718441,,-0.2261163620718441,-0.2261163620718441,0.0,1.0
allenai_Olmo-3-1025-7B,full_mixed,C(syntactic_role)[T.subject]:C(dominance)[T.-dom],1,0.0002083914620531,,0.0002083914620531,0.0002083914620531,1.0,0.0
allenai_Olmo-3-1025-7B,full_mixed,C(syntactic_role)[T.subject]:C(semantic_role)[T.patient],1,0.0058800106956839,,0.0058800106956839,0.0058800106956839,1.0,0.0
allenai_Olmo-3-1025-7B,full_mixed,C(syntactic_role)[T.subject]:C(valence)[T.-val],1,-0.035470145089286,,-0.035470145089286,-0.035470145089286,0.0,1.0
allenai_Olmo-3-1025-7B,full_mixed,C(tense)[T.past perfect],1,0.0565891810825965,,0.0565891810825965,0.0565891810825965,1.0,0.0
allenai_Olmo-3-1025-7B,full_mixed,C(tense)[T.past perfect]:C(dominance)[T.-dom],1,0.0176103864397283,,0.0176103864397283,0.0176103864397283,1.0,0.0
allenai_Olmo-3-1025-7B,full_mixed,C(tense)[T.past perfect]:C(semantic_role)[T.patient],1,-0.0310398646763414,,-0.0310398646763414,-0.0310398646763414,0.0,1.0
allenai_Olmo-3-1025-7B,full_mixed,C(tense)[T.past perfect]:C(syntactic_role)[T.subject],1,0.0046691894531228,,0.0046691894531228,0.0046691894531228,1.0,0.0
allenai_Olmo-3-1025-7B,full_mixed,C(tense)[T.past perfect]:C(valence)[T.-val],1,0.0814566476004424,,0.0814566476004424,0.0814566476004424,1.0,0.0
allenai_Olmo-3-1025-7B,full_mixed,C(tense)[T.present continuous],1,0.0825611659458778,,0.0825611659458778,0.0825611659458778,1.0,0.0
allenai_Olmo-3-1025-7B,full_mixed,C(tense)[T.present continuous]:C(dominance)[T.-dom],1,-0.102245657784602,,-0.102245657784602,-0.102245657784602,0.0,1.0
allenai_Olmo-3-1025-7B,full_mixed,C(tense)[T.present continuous]:C(semantic_role)[T.patient],1,-0.0239576067243326,,-0.0239576067243326,-0.0239576067243326,0.0,1.0
allenai_Olmo-3-1025-7B,full_mixed,C(tense)[T.present continuous]:C(syntactic_role)[T.subject],1,0.0447862897600424,,0.0447862897600424,0.0447862897600424,1.0,0.0
allenai_Olmo-3-1025-7B,full_mixed,C(tense)[T.present continuous]:C(valence)[T.-val],1,0.0246856689453085,,0.0246856689453085,0.0246856689453085,1.0,0.0
allenai_Olmo-3-1025-7B,full_mixed,C(tense)[T.present perfect],1,0.1861456734793603,,0.1861456734793603,0.1861456734793603,1.0,0.0
allenai_Olmo-3-1025-7B,full_mixed,C(tense)[T.present perfect]:C(dominance)[T.-dom],1,-0.022112601143977,,-0.022112601143977,-0.022112601143977,0.0,1.0
allenai_Olmo-3-1025-7B,full_mixed,C(tense)[T.present perfect]:C(semantic_role)[T.patient],1,-0.0091391427176362,,-0.0091391427176362,-0.0091391427176362,0.0,1.0
allenai_Olmo-3-1025-7B,full_mixed,C(tense)[T.present perfect]:C(syntactic_role)[T.subject],1,-0.0772072928292436,,-0.0772072928292436,-0.0772072928292436,0.0,1.0
allenai_Olmo-3-1025-7B,full_mixed,C(tense)[T.present perfect]:C(valence)[T.-val],1,0.0713854108537906,,0.0713854108537906,0.0713854108537906,1.0,0.0
allenai_Olmo-3-1025-7B,full_mixed,C(tense)[T.simple future],1,0.5522395542689827,,0.5522395542689827,0.5522395542689827,1.0,0.0
allenai_Olmo-3-1025-7B,full_mixed,C(tense)[T.simple future]:C(dominance)[T.-dom],1,-0.1494550432477724,,-0.1494550432477724,-0.1494550432477724,0.0,1.0
allenai_Olmo-3-1025-7B,full_mixed,C(tense)[T.simple future]:C(semantic_role)[T.patient],1,0.1399047851562474,,0.1399047851562474,0.1399047851562474,1.0,0.0
allenai_Olmo-3-1025-7B,full_mixed,C(tense)[T.simple future]:C(syntactic_role)[T.subject],1,-0.1481794084821463,,-0.1481794084821463,-0.1481794084821463,0.0,1.0
allenai_Olmo-3-1025-7B,full_mixed,C(tense)[T.simple future]:C(valence)[T.-val],1,0.1633745465959775,,0.1633745465959775,0.1633745465959775,1.0,0.0
allenai_Olmo-3-1025-7B,full_mixed,C(tense)[T.simple past],1,0.0485386439732212,,0.0485386439732212,0.0485386439732212,1.0,0.0
allenai_Olmo-3-1025-7B,full_mixed,C(tense)[T.simple past]:C(dominance)[T.-dom],1,0.0121904645647283,,0.0121904645647283,0.0121904645647283,1.0,0.0
allenai_Olmo-3-1025-7B,full_mixed,C(tense)[T.simple past]:C(semantic_role)[T.patient],1,-0.0663992745535736,,-0.0663992745535736,-0.0663992745535736,0.0,1.0
allenai_Olmo-3-1025-7B,full_mixed,C(tense)[T.simple past]:C(syntactic_role)[T.subject],1,0.1119881766183017,,0.1119881766183017,0.1119881766183017,1.0,0.0
allenai_Olmo-3-1025-7B,full_mixed,C(tense)[T.simple past]:C(valence)[T.-val],1,0.0855922154017817,,0.0855922154017817,0.0855922154017817,1.0,0.0
allenai_Olmo-3-1025-7B,full_mixed,C(valence)[T.-val],1,0.0125427246093799,,0.0125427246093799,0.0125427246093799,1.0,0.0
allenai_Olmo-3-1025-7B,full_mixed,C(valence)[T.-val]:C(dominance)[T.-dom],1,-0.0833984375000008,,-0.0833984375000008,-0.0833984375000008,0.0,1.0
allenai_Olmo-3-1025-7B,full_mixed,C(valence)[T.-val]:C(semantic_role)[T.patient],1,0.0339477539062485,,0.0339477539062485,0.0339477539062485,1.0,0.0
allenai_Olmo-3-1025-7B,full_mixed,Intercept,1,1.037110900873958,,1.037110900873958,1.037110900873958,1.0,0.0
allenai_Olmo-3-1025-7B,full_mixed_2,C(dominance)[T.-dom],1,0.1126348586309448,,0.1126348586309448,0.1126348586309448,1.0,0.0
allenai_Olmo-3-1025-7B,full_mixed_2,C(dominance)[T.-dom]:C(profession)[T.carpenter],1,-0.0430013020833272,,-0.0430013020833272,-0.0430013020833272,0.0,1.0
allenai_Olmo-3-1025-7B,full_mixed_2,C(dominance)[T.-dom]:C(profession)[T.cashier],1,-0.121346028645827,,-0.121346028645827,-0.121346028645827,0.0,1.0
allenai_Olmo-3-1025-7B,full_mixed_2,C(dominance)[T.-dom]:C(profession)[T.ceo],1,0.1003499348958394,,0.1003499348958394,0.1003499348958394,1.0,0.0
allenai_Olmo-3-1025-7B,full_mixed_2,C(dominance)[T.-dom]:C(profession)[T.cleaner],1,0.096935017903652,,0.096935017903652,0.096935017903652,1.0,0.0
allenai_Olmo-3-1025-7B,full_mixed_2,C(dominance)[T.-dom]:C(profession)[T.cook],1,-0.0944519042968688,,-0.0944519042968688,-0.0944519042968688,0.0,1.0
allenai_Olmo-3-1025-7B,full_mixed_2,C(dominance)[T.-dom]:C(profession)[T.designer],1,-0.0255045572916606,,-0.0255045572916606,-0.0255045572916606,0.0,1.0
allenai_Olmo-3-1025-7B,full_mixed_2,C(dominance)[T.-dom]:C(profession)[T.driver],1,-0.0217122395833272,,-0.0217122395833272,-0.0217122395833272,0.0,1.0
allenai_Olmo-3-1025-7B,full_mixed_2,C(dominance)[T.-dom]:C(profession)[T.lawyer],1,0.0143229166666727,,0.0143229166666727,0.0143229166666727,1.0,0.0
allenai_Olmo-3-1025-7B,full_mixed_2,C(dominance)[T.-dom]:C(profession)[T.manager],1,-0.0907979329427023,,-0.0907979329427023,-0.0907979329427023,0.0,1.0
allenai_Olmo-3-1025-7B,full_mixed_2,C(dominance)[T.-dom]:C(profession)[T.receptionist],1,-0.1958730061848897,,-0.1958730061848897,-0.1958730061848897,0.0,1.0
allenai_Olmo-3-1025-7B,full_mixed_2,C(dominance)[T.-dom]:C(profession)[T.salesperson],1,-0.0342285156249937,,-0.0342285156249937,-0.0342285156249937,0.0,1.0
allenai_Olmo-3-1025-7B,full_mixed_2,C(dominance)[T.-dom]:C(profession)[T.secretary],1,-0.4125325520833274,,-0.4125325520833274,-0.4125325520833274,0.0,1.0
allenai_Olmo-3-1025-7B,full_mixed_2,C(dominance)[T.-dom]:C(profession)[T.teacher],1,-0.1361877441406188,,-0.1361877441406188,-0.1361877441406188,0.0,1.0
allenai_Olmo-3-1025-7B,full_mixed_2,C(profession)[T.carpenter],1,2.2818684895833323,,2.2818684895833323,2.2818684895833323,1.0,0.0
allenai_Olmo-3-1025-7B,full_mixed_2,C(profession)[T.cashier],1,-1.836889648437531,,-1.836889648437531,-1.836889648437531,0.0,1.0
allenai_Olmo-3-1025-7B,full_mixed_2,C(profession)[T.ceo],1,0.0235880533854052,,0.0235880533854052,0.0235880533854052,1.0,0.0
allenai_Olmo-3-1025-7B,full_mixed_2,C(profession)[T.cleaner],1,-1.683190409342475,,-1.683190409342475,-1.683190409342475,0.0,1.0
allenai_Olmo-3-1025-7B,full_mixed_2,C(profession)[T.cook],1,-0.8718536376953376,,-0.8718536376953376,-0.8718536376953376,0.0,1.0
allenai_Olmo-3-1025-7B,full_mixed_2,C(profession)[T.designer],1,-0.5969075520833501,,-0.5969075520833501,-0.5969075520833501,0.0,1.0
allenai_Olmo-3-1025-7B,full_mixed_2,C(profession)[T.driver],1,0.3414062499999821,,0.3414062499999821,0.3414062499999821,1.0,0.0
allenai_Olmo-3-1025-7B,full_mixed_2,C(profession)[T.lawyer],1,0.4624837239582994,,0.4624837239582994,0.4624837239582994,1.0,0.0
allenai_Olmo-3-1025-7B,full_mixed_2,C(profession)[T.manager],1,-0.4582753499348803,,-0.4582753499348803,-0.4582753499348803,0.0,1.0
allenai_Olmo-3-1025-7B,full_mixed_2,C(profession)[T.receptionist],1,-2.5469426472981813,,-2.5469426472981813,-2.5469426472981813,0.0,1.0
allenai_Olmo-3-1025-7B,full_mixed_2,C(profession)[T.salesperson],1,-0.4128662109375167,,-0.4128662109375167,-0.4128662109375167,0.0,1.0
allenai_Olmo-3-1025-7B,full_mixed_2,C(profession)[T.secretary],1,-2.7870218912760327,,-2.7870218912760327,-2.7870218912760327,0.0,1.0
allenai_Olmo-3-1025-7B,full_mixed_2,C(profession)[T.teacher],1,-1.7897094726562386,,-1.7897094726562386,-1.7897094726562386,0.0,1.0
allenai_Olmo-3-1025-7B,full_mixed_2,C(syntactic_role)[T.subject],1,-0.3290036156063954,,-0.3290036156063954,-0.3290036156063954,0.0,1.0
allenai_Olmo-3-1025-7B,full_mixed_2,C(syntactic_role)[T.subject]:C(dominance)[T.-dom],1,0.0002083914620533,,0.0002083914620533,0.0002083914620533,1.0,0.0
allenai_Olmo-3-1025-7B,full_mixed_2,C(syntactic_role)[T.subject]:C(profession)[T.carpenter],1,-0.0528645833333348,,-0.0528645833333348,-0.0528645833333348,0.0,1.0
allenai_Olmo-3-1025-7B,full_mixed_2,C(syntactic_role)[T.subject]:C(profession)[T.cashier],1,0.0902628580729154,,0.0902628580729154,0.0902628580729154,1.0,0.0
allenai_Olmo-3-1025-7B,full_mixed_2,C(syntactic_role)[T.subject]:C(profession)[T.ceo],1,0.0165771484374988,,0.0165771484374988,0.0165771484374988,1.0,0.0
allenai_Olmo-3-1025-7B,full_mixed_2,C(syntactic_role)[T.subject]:C(profession)[T.cleaner],1,0.4620351155598943,,0.4620351155598943,0.4620351155598943,1.0,0.0
allenai_Olmo-3-1025-7B,full_mixed_2,C(syntactic_role)[T.subject]:C(profession)[T.cook],1,0.4798278808593739,,0.4798278808593739,0.4798278808593739,1.0,0.0
allenai_Olmo-3-1025-7B,full_mixed_2,C(syntactic_role)[T.subject]:C(profession)[T.designer],1,0.1024088541666653,,0.1024088541666653,0.1024088541666653,1.0,0.0
allenai_Olmo-3-1025-7B,full_mixed_2,C(syntactic_role)[T.subject]:C(profession)[T.driver],1,-0.1466796875000014,,-0.1466796875000014,-0.1466796875000014,0.0,1.0
allenai_Olmo-3-1025-7B,full_mixed_2,C(syntactic_role)[T.subject]:C(profession)[T.lawyer],1,0.1520507812499988,,0.1520507812499988,0.1520507812499988,1.0,0.0
allenai_Olmo-3-1025-7B,full_mixed_2,C(syntactic_role)[T.subject]:C(profession)[T.manager],1,-0.105930582682293,,-0.105930582682293,-0.105930582682293,0.0,1.0
allenai_Olmo-3-1025-7B,full_mixed_2,C(syntactic_role)[T.subject]:C(profession)[T.receptionist],1,0.1981638590494773,,0.1981638590494773,0.1981638590494773,1.0,0.0
allenai_Olmo-3-1025-7B,full_mixed_2,C(syntactic_role)[T.subject]:C(profession)[T.salesperson],1,0.0074707031249985,,0.0074707031249985,0.0074707031249985,1.0,0.0
allenai_Olmo-3-1025-7B,full_mixed_2,C(syntactic_role)[T.subject]:C(profession)[T.secretary],1,0.1273946126302069,,0.1273946126302069,0.1273946126302069,1.0,0.0
allenai_Olmo-3-1025-7B,full_mixed_2,C(syntactic_role)[T.subject]:C(profession)[T.teacher],1,0.15086466471354,,0.15086466471354,0.15086466471354,1.0,0.0
allenai_Olmo-3-1025-7B,full_mixed_2,C(syntactic_role)[T.subject]:C(valence)[T.-val],1,-0.0354701450892857,,-0.0354701450892857,-0.0354701450892857,0.0,1.0
allenai_Olmo-3-1025-7B,full_mixed_2,C(tense)[T.past perfect],1,-0.0599735804966551,,-0.0599735804966551,-0.0599735804966551,0.0,1.0
allenai_Olmo-3-1025-7B,full_mixed_2,C(tense)[T.past perfect]:C(dominance)[T.-dom],1,0.0176103864397333,,0.0176103864397333,0.0176103864397333,1.0,0.0
allenai_Olmo-3-1025-7B,full_mixed_2,C(tense)[T.past perfect]:C(profession)[T.carpenter],1,-0.021386718749999,,-0.021386718749999,-0.021386718749999,0.0,1.0
allenai_Olmo-3-1025-7B,full_mixed_2,C(tense)[T.past perfect]:C(profession)[T.cashier],1,0.2217437744140643,,0.2217437744140643,0.2217437744140643,1.0,0.0
allenai_Olmo-3-1025-7B,full_mixed_2,C(tense)[T.past perfect]:C(profession)[T.ceo],1,-0.0795166015624986,,-0.0795166015624986,-0.0795166015624986,0.0,1.0
allenai_Olmo-3-1025-7B,full_mixed_2,C(tense)[T.past perfect]:C(profession)[T.cleaner],1,-0.0478485107421865,,-0.0478485107421865,-0.0478485107421865,0.0,1.0
allenai_Olmo-3-1025-7B,full_mixed_2,C(tense)[T.past perfect]:C(profession)[T.cook],1,0.0135070800781264,,0.0135070800781264,0.0135070800781264,1.0,0.0
allenai_Olmo-3-1025-7B,full_mixed_2,C(tense)[T.past perfect]:C(profession)[T.designer],1,0.1476806640625013,,0.1476806640625013,0.1476806640625013,1.0,0.0
allenai_Olmo-3-1025-7B,full_mixed_2,C(tense)[T.past perfect]:C(profession)[T.driver],1,0.1877929687500015,,0.1877929687500015,0.1877929687500015,1.0,0.0
allenai_Olmo-3-1025-7B,full_mixed_2,C(tense)[T.past perfect]:C(profession)[T.lawyer],1,0.0263671875000011,,0.0263671875000011,0.0263671875000011,1.0,0.0
allenai_Olmo-3-1025-7B,full_mixed_2,C(tense)[T.past perfect]:C(profession)[T.manager],1,0.2645202636718765,,0.2645202636718765,0.2645202636718765,1.0,0.0
allenai_Olmo-3-1025-7B,full_mixed_2,C(tense)[T.past perfect]:C(profession)[T.receptionist],1,0.1729064941406265,,0.1729064941406265,0.1729064941406265,1.0,0.0
allenai_Olmo-3-1025-7B,full_mixed_2,C(tense)[T.past perfect]:C(profession)[T.salesperson],1,0.0177734375000014,,0.0177734375000014,0.0177734375000014,1.0,0.0
allenai_Olmo-3-1025-7B,full_mixed_2,C(tense)[T.past perfect]:C(profession)[T.secretary],1,0.3170410156250009,,0.3170410156250009,0.3170410156250009,1.0,0.0
allenai_Olmo-3-1025-7B,full_mixed_2,C(tense)[T.past perfect]:C(profession)[T.teacher],1,0.1940185546875012,,0.1940185546875012,0.1940185546875012,1.0,0.0
allenai_Olmo-3-1025-7B,full_mixed_2,C(tense)[T.past perfect]:C(syntactic_role)[T.subject],1,0.004669189453126,,0.004669189453126,0.004669189453126,1.0,0.0
allenai_Olmo-3-1025-7B,full_mixed_2,C(tense)[T.past perfect]:C(valence)[T.-val],1,0.0814566476004478,,0.0814566476004478,0.0814566476004478,1.0,0.0
allenai_Olmo-3-1025-7B,full_mixed_2,C(tense)[T.present continuous],1,-0.1675975254603811,,-0.1675975254603811,-0.1675975254603811,0.0,1.0
allenai_Olmo-3-1025-7B,full_mixed_2,C(tense)[T.present continuous]:C(dominance)[T.-dom],1,-0.1022456577845973,,-0.1022456577845973,-0.1022456577845973,0.0,1.0
allenai_Olmo-3-1025-7B,full_mixed_2,C(tense)[T.present continuous]:C(profession)[T.carpenter],1,-0.2425781250000004,,-0.2425781250000004,-0.2425781250000004,0.0,1.0
allenai_Olmo-3-1025-7B,full_mixed_2,C(tense)[T.present continuous]:C(profession)[T.cashier],1,0.4850830078125002,,0.4850830078125002,0.4850830078125002,1.0,0.0
allenai_Olmo-3-1025-7B,full_mixed_2,C(tense)[T.present continuous]:C(profession)[T.ceo],1,0.280224609375,,0.280224609375,0.280224609375,1.0,0.0
allenai_Olmo-3-1025-7B,full_mixed_2,C(tense)[T.present continuous]:C(profession)[T.cleaner],1,0.483432006835937,,0.483432006835937,0.483432006835937,1.0,0.0
allenai_Olmo-3-1025-7B,full_mixed_2,C(tense)[T.present continuous]:C(profession)[T.cook],1,0.1761657714843749,,0.1761657714843749,0.1761657714843749,1.0,0.0
allenai_Olmo-3-1025-7B,full_mixed_2,C(tense)[T.present continuous]:C(profession)[T.designer],1,0.1414306640624997,,0.1414306640624997,0.1414306640624997,1.0,0.0
allenai_Olmo-3-1025-7B,full_mixed_2,C(tense)[T.present continuous]:C(profession)[T.driver],1,0.21142578125,,0.21142578125,0.21142578125,1.0,0.0
allenai_Olmo-3-1025-7B,full_mixed_2,C(tense)[T.present continuous]:C(profession)[T.lawyer],1,-0.0866210937500004,,-0.0866210937500004,-0.0866210937500004,0.0,1.0
allenai_Olmo-3-1025-7B,full_mixed_2,C(tense)[T.present continuous]:C(profession)[T.manager],1,0.4011657714843749,,0.4011657714843749,0.4011657714843749,1.0,0.0
allenai_Olmo-3-1025-7B,full_mixed_2,C(tense)[T.present continuous]:C(profession)[T.receptionist],1,0.4663574218749999,,0.4663574218749999,0.4663574218749999,1.0,0.0
allenai_Olmo-3-1025-7B,full_mixed_2,C(tense)[T.present continuous]:C(profession)[T.salesperson],1,0.2723144531249998,,0.2723144531249998,0.2723144531249998,1.0,0.0
allenai_Olmo-3-1025-7B,full_mixed_2,C(tense)[T.present continuous]:C(profession)[T.secretary],1,0.422817993164062,,0.422817993164062,0.422817993164062,1.0,0.0
allenai_Olmo-3-1025-7B,full_mixed_2,C(tense)[T.present continuous]:C(profession)[T.teacher],1,0.3233001708984371,,0.3233001708984371,0.3233001708984371,1.0,0.0
allenai_Olmo-3-1025-7B,full_mixed_2,C(tense)[T.present continuous]:C(syntactic_role)[T.subject],1,0.044786289760046,,0.044786289760046,0.044786289760046,1.0,0.0
allenai_Olmo-3-1025-7B,full_mixed_2,C(tense)[T.present continuous]:C(valence)[T.-val],1,0.0246856689453135,,0.0246856689453135,0.0246856689453135,1.0,0.0
allenai_Olmo-3-1025-7B,full_mixed_2,C(tense)[T.present perfect],1,-0.0978003365652885,,-0.0978003365652885,-0.0978003365652885,0.0,1.0
allenai_Olmo-3-1025-7B,full_mixed_2,C(tense)[T.present perfect]:C(dominance)[T.-dom],1,-0.0221126011439726,,-0.0221126011439726,-0.0221126011439726,0.0,1.0
allenai_Olmo-3-1025-7B,full_mixed_2,C(tense)[T.present perfect]:C(profession)[T.carpenter],1,-0.3339355468750031,,-0.3339355468750031,-0.3339355468750031,0.0,1.0
allenai_Olmo-3-1025-7B,full_mixed_2,C(tense)[T.present perfect]:C(profession)[T.cashier],1,0.5075592041015599,,0.5075592041015599,0.5075592041015599,1.0,0.0
allenai_Olmo-3-1025-7B,full_mixed_2,C(tense)[T.present perfect]:C(profession)[T.ceo],1,0.1885742187499967,,0.1885742187499967,0.1885742187499967,1.0,0.0
allenai_Olmo-3-1025-7B,full_mixed_2,C(tense)[T.present perfect]:C(profession)[T.cleaner],1,0.4063507080078091,,0.4063507080078091,0.4063507080078091,1.0,0.0
allenai_Olmo-3-1025-7B,full_mixed_2,C(tense)[T.present perfect]:C(profession)[T.cook],1,0.277728271484372,,0.277728271484372,0.277728271484372,1.0,0.0
allenai_Olmo-3-1025-7B,full_mixed_2,C(tense)[T.present perfect]:C(profession)[T.designer],1,0.2797607421874968,,0.2797607421874968,0.2797607421874968,1.0,0.0
allenai_Olmo-3-1025-7B,full_mixed_2,C(tense)[T.present perfect]:C(profession)[T.driver],1,0.2780761718749971,,0.2780761718749971,0.2780761718749971,1.0,0.0
allenai_Olmo-3-1025-7B,full_mixed_2,C(tense)[T.present perfect]:C(profession)[T.lawyer],1,-0.0848144531250033,,-0.0848144531250033,-0.0848144531250033,0.0,1.0
allenai_Olmo-3-1025-7B,full_mixed_2,C(tense)[T.present perfect]:C(profession)[T.manager],1,0.461663818359372,,0.461663818359372,0.461663818359372,1.0,0.0
allenai_Olmo-3-1025-7B,full_mixed_2,C(tense)[T.present perfect]:C(profession)[T.receptionist],1,0.571874999999997,,0.571874999999997,0.571874999999997,1.0,0.0
allenai_Olmo-3-1025-7B,full_mixed_2,C(tense)[T.present perfect]:C(profession)[T.salesperson],1,0.2552734374999968,,0.2552734374999968,0.2552734374999968,1.0,0.0
allenai_Olmo-3-1025-7B,full_mixed_2,C(tense)[T.present perfect]:C(profession)[T.secretary],1,0.6430114746093717,,0.6430114746093717,0.6430114746093717,1.0,0.0
allenai_Olmo-3-1025-7B,full_mixed_2,C(tense)[T.present perfect]:C(profession)[T.teacher],1,0.4601470947265592,,0.4601470947265592,0.4601470947265592,1.0,0.0
allenai_Olmo-3-1025-7B,full_mixed_2,C(tense)[T.present perfect]:C(syntactic_role)[T.subject],1,-0.07720729282924,,-0.07720729282924,-0.07720729282924,0.0,1.0
allenai_Olmo-3-1025-7B,full_mixed_2,C(tense)[T.present perfect]:C(valence)[T.-val],1,0.0713854108537953,,0.0713854108537953,0.0713854108537953,1.0,0.0
allenai_Olmo-3-1025-7B,full_mixed_2,C(tense)[T.simple future],1,0.2487217494419666,,0.2487217494419666,0.2487217494419666,1.0,0.0
allenai_Olmo-3-1025-7B,full_mixed_2,C(tense)[T.simple future]:C(dominance)[T.-dom],1,-0.149455043247767,,-0.149455043247767,-0.149455043247767,0.0,1.0
allenai_Olmo-3-1025-7B,full_mixed_2,C(tense)[T.simple future]:C(profession)[T.carpenter],1,-0.2769042968750038,,-0.2769042968750038,-0.2769042968750038,0.0,1.0
allenai_Olmo-3-1025-7B,full_mixed_2,C(tense)[T.simple future]:C(profession)[T.cashier],1,0.7060577392578092,,0.7060577392578092,0.7060577392578092,1.0,0.0
allenai_Olmo-3-1025-7B,full_mixed_2,C(tense)[T.simple future]:C(profession)[T.ceo],1,0.0045898437499961,,0.0045898437499961,0.0045898437499961,1.0,0.0
allenai_Olmo-3-1025-7B,full_mixed_2,C(tense)[T.simple future]:C(profession)[T.cleaner],1,0.3553192138671838,,0.3553192138671838,0.3553192138671838,1.0,0.0
allenai_Olmo-3-1025-7B,full_mixed_2,C(tense)[T.simple future]:C(profession)[T.cook],1,0.1703308105468713,,0.1703308105468713,0.1703308105468713,1.0,0.0
allenai_Olmo-3-1025-7B,full_mixed_2,C(tense)[T.simple future]:C(profession)[T.designer],1,0.3716064453124962,,0.3716064453124962,0.3716064453124962,1.0,0.0
allenai_Olmo-3-1025-7B,full_mixed_2,C(tense)[T.simple future]:C(profession)[T.driver],1,0.3713378906249966,,0.3713378906249966,0.3713378906249966,1.0,0.0
allenai_Olmo-3-1025-7B,full_mixed_2,C(tense)[T.simple future]:C(profession)[T.lawyer],1,-0.0293457031250042,,-0.0293457031250042,-0.0293457031250042,0.0,1.0
allenai_Olmo-3-1025-7B,full_mixed_2,C(tense)[T.simple future]:C(profession)[T.manager],1,0.7374938964843715,,0.7374938964843715,0.7374938964843715,1.0,0.0
allenai_Olmo-3-1025-7B,full_mixed_2,C(tense)[T.simple future]:C(profession)[T.receptionist],1,0.7345367431640589,,0.7345367431640589,0.7345367431640589,1.0,0.0
allenai_Olmo-3-1025-7B,full_mixed_2,C(tense)[T.simple future]:C(profession)[T.salesperson],1,0.4593261718749962,,0.4593261718749962,0.4593261718749962,1.0,0.0
allenai_Olmo-3-1025-7B,full_mixed_2,C(tense)[T.simple future]:C(profession)[T.secretary],1,0.9263641357421836,,0.9263641357421836,0.9263641357421836,1.0,0.0
allenai_Olmo-3-1025-7B,full_mixed_2,C(tense)[T.simple future]:C(profession)[T.teacher],1,0.6978698730468708,,0.6978698730468708,0.6978698730468708,1.0,0.0
allenai_Olmo-3-1025-7B,full_mixed_2,C(tense)[T.simple future]:C(syntactic_role)[T.subject],1,-0.1481794084821419,,-0.1481794084821419,-0.1481794084821419,0.0,1.0
allenai_Olmo-3-1025-7B,full_mixed_2,C(tense)[T.simple future]:C(valence)[T.-val],1,0.1633745465959826,,0.1633745465959826,0.1633745465959826,1.0,0.0
allenai_Olmo-3-1025-7B,full_mixed_2,C(tense)[T.simple past],1,-0.1417018345424105,,-0.1417018345424105,-0.1417018345424105,0.0,1.0
allenai_Olmo-3-1025-7B,full_mixed_2,C(tense)[T.simple past]:C(dominance)[T.-dom],1,0.0121904645647332,,0.0121904645647332,0.0121904645647332,1.0,0.0
allenai_Olmo-3-1025-7B,full_mixed_2,C(tense)[T.simple past]:C(profession)[T.carpenter],1,0.0393554687499978,,0.0393554687499978,0.0393554687499978,1.0,0.0
allenai_Olmo-3-1025-7B,full_mixed_2,C(tense)[T.simple past]:C(profession)[T.cashier],1,0.2478179931640609,,0.2478179931640609,0.2478179931640609,1.0,0.0
allenai_Olmo-3-1025-7B,full_mixed_2,C(tense)[T.simple past]:C(profession)[T.ceo],1,-0.0710937500000017,,-0.0710937500000017,-0.0710937500000017,0.0,1.0
allenai_Olmo-3-1025-7B,full_mixed_2,C(tense)[T.simple past]:C(profession)[T.cleaner],1,0.1118316650390603,,0.1118316650390603,0.1118316650390603,1.0,0.0
allenai_Olmo-3-1025-7B,full_mixed_2,C(tense)[T.simple past]:C(profession)[T.cook],1,0.1241027832031232,,0.1241027832031232,0.1241027832031232,1.0,0.0
allenai_Olmo-3-1025-7B,full_mixed_2,C(tense)[T.simple past]:C(profession)[T.designer],1,0.1398437499999981,,0.1398437499999981,0.1398437499999981,1.0,0.0
allenai_Olmo-3-1025-7B,full_mixed_2,C(tense)[T.simple past]:C(profession)[T.driver],1,0.2635742187499982,,0.2635742187499982,0.2635742187499982,1.0,0.0
allenai_Olmo-3-1025-7B,full_mixed_2,C(tense)[T.simple past]:C(profession)[T.lawyer],1,0.0113281249999979,,0.0113281249999979,0.0113281249999979,1.0,0.0
allenai_Olmo-3-1025-7B,full_mixed_2,C(tense)[T.simple past]:C(profession)[T.manager],1,0.2698669433593731,,0.2698669433593731,0.2698669433593731,1.0,0.0
allenai_Olmo-3-1025-7B,full_mixed_2,C(tense)[T.simple past]:C(profession)[T.receptionist],1,0.2175720214843735,,0.2175720214843735,0.2175720214843735,1.0,0.0
allenai_Olmo-3-1025-7B,full_mixed_2,C(tense)[T.simple past]:C(profession)[T.salesperson],1,0.1273925781249981,,0.1273925781249981,0.1273925781249981,1.0,0.0
allenai_Olmo-3-1025-7B,full_mixed_2,C(tense)[T.simple past]:C(profession)[T.secretary],1,0.4477416992187479,,0.4477416992187479,0.4477416992187479,1.0,0.0
allenai_Olmo-3-1025-7B,full_mixed_2,C(tense)[T.simple past]:C(profession)[T.teacher],1,0.2692382812499979,,0.2692382812499979,0.2692382812499979,1.0,0.0
allenai_Olmo-3-1025-7B,full_mixed_2,C(tense)[T.simple past]:C(syntactic_role)[T.subject],1,0.1119881766183044,,0.1119881766183044,0.1119881766183044,1.0,0.0
allenai_Olmo-3-1025-7B,full_mixed_2,C(tense)[T.simple past]:C(valence)[T.-val],1,0.0855922154017866,,0.0855922154017866,0.0855922154017866,1.0,0.0
allenai_Olmo-3-1025-7B,full_mixed_2,C(valence)[T.-val],1,0.1268284388950792,,0.1268284388950792,0.1268284388950792,1.0,0.0
allenai_Olmo-3-1025-7B,full_mixed_2,C(valence)[T.-val]:C(dominance)[T.-dom],1,-0.0833984374999985,,-0.0833984374999985,-0.0833984374999985,0.0,1.0
allenai_Olmo-3-1025-7B,full_mixed_2,C(valence)[T.-val]:C(profession)[T.carpenter],1,0.1580078125000086,,0.1580078125000086,0.1580078125000086,1.0,0.0
allenai_Olmo-3-1025-7B,full_mixed_2,C(valence)[T.-val]:C(profession)[T.cashier],1,-0.2556783040364496,,-0.2556783040364496,-0.2556783040364496,0.0,1.0
allenai_Olmo-3-1025-7B,full_mixed_2,C(valence)[T.-val]:C(profession)[T.ceo],1,0.0149983723958419,,0.0149983723958419,0.0149983723958419,1.0,0.0
allenai_Olmo-3-1025-7B,full_mixed_2,C(valence)[T.-val]:C(profession)[T.cleaner],1,-0.2981252034505122,,-0.2981252034505122,-0.2981252034505122,0.0,1.0
allenai_Olmo-3-1025-7B,full_mixed_2,C(valence)[T.-val]:C(profession)[T.cook],1,-0.1605529785156164,,-0.1605529785156164,-0.1605529785156164,0.0,1.0
allenai_Olmo-3-1025-7B,full_mixed_2,C(valence)[T.-val]:C(profession)[T.designer],1,-0.0469075520833248,,-0.0469075520833248,-0.0469075520833248,0.0,1.0
allenai_Olmo-3-1025-7B,full_mixed_2,C(valence)[T.-val]:C(profession)[T.driver],1,-0.0449869791666581,,-0.0449869791666581,-0.0449869791666581,0.0,1.0
allenai_Olmo-3-1025-7B,full_mixed_2,C(valence)[T.-val]:C(profession)[T.lawyer],1,0.0275065104166752,,0.0275065104166752,0.0275065104166752,1.0,0.0
allenai_Olmo-3-1025-7B,full_mixed_2,C(valence)[T.-val]:C(profession)[T.manager],1,-0.0875874837239497,,-0.0875874837239497,-0.0875874837239497,0.0,1.0
allenai_Olmo-3-1025-7B,full_mixed_2,C(valence)[T.-val]:C(profession)[T.receptionist],1,-0.3120676676432204,,-0.3120676676432204,-0.3120676676432204,0.0,1.0
allenai_Olmo-3-1025-7B,full_mixed_2,C(valence)[T.-val]:C(profession)[T.salesperson],1,-0.0503417968749912,,-0.0503417968749912,-0.0503417968749912,0.0,1.0
allenai_Olmo-3-1025-7B,full_mixed_2,C(valence)[T.-val]:C(profession)[T.secretary],1,-0.1355936686197833,,-0.1355936686197833,-0.1355936686197833,0.0,1.0
allenai_Olmo-3-1025-7B,full_mixed_2,C(valence)[T.-val]:C(profession)[T.teacher],1,-0.1710367838541582,,-0.1710367838541582,-0.1710367838541582,0.0,1.0
allenai_Olmo-3-1025-7B,full_mixed_2,Intercept,1,1.734152003696984,,1.734152003696984,1.734152003696984,1.0,0.0
allenai_Olmo-3-1025-7B,no_dominance,C(semantic_role)[T.patient],1,0.0029804048085351,,0.0029804048085351,0.0029804048085351,1.0,0.0
allenai_Olmo-3-1025-7B,no_dominance,C(syntactic_role)[T.subject],1,-0.2260121663416239,,-0.2260121663416239,-0.2260121663416239,0.0,1.0
allenai_Olmo-3-1025-7B,no_dominance,C(syntactic_role)[T.subject]:C(semantic_role)[T.patient],1,0.0058800106956849,,0.0058800106956849,0.0058800106956849,1.0,0.0
allenai_Olmo-3-1025-7B,no_dominance,C(syntactic_role)[T.subject]:C(valence)[T.-val],1,-0.0354701450892842,,-0.0354701450892842,-0.0354701450892842,0.0,1.0
allenai_Olmo-3-1025-7B,no_dominance,C(tense)[T.past perfect],1,0.0653943743024442,,0.0653943743024442,0.0653943743024442,1.0,0.0
allenai_Olmo-3-1025-7B,no_dominance,C(tense)[T.past perfect]:C(semantic_role)[T.patient],1,-0.031039864676336,,-0.031039864676336,-0.031039864676336,0.0,1.0
allenai_Olmo-3-1025-7B,no_dominance,C(tense)[T.past perfect]:C(syntactic_role)[T.subject],1,0.0046691894531319,,0.0046691894531319,0.0046691894531319,1.0,0.0
allenai_Olmo-3-1025-7B,no_dominance,C(tense)[T.past perfect]:C(valence)[T.-val],1,0.0814566476004517,,0.0814566476004517,0.0814566476004517,1.0,0.0
allenai_Olmo-3-1025-7B,no_dominance,C(tense)[T.present continuous],1,0.0314383370535597,,0.0314383370535597,0.0314383370535597,1.0,0.0
allenai_Olmo-3-1025-7B,no_dominance,C(tense)[T.present continuous]:C(semantic_role)[T.patient],1,-0.0239576067243268,,-0.0239576067243268,-0.0239576067243268,0.0,1.0
allenai_Olmo-3-1025-7B,no_dominance,C(tense)[T.present continuous]:C(syntactic_role)[T.subject],1,0.0447862897600519,,0.0447862897600519,0.0447862897600519,1.0,0.0
allenai_Olmo-3-1025-7B,no_dominance,C(tense)[T.present continuous]:C(valence)[T.-val],1,0.024685668945318,,0.024685668945318,0.024685668945318,1.0,0.0
allenai_Olmo-3-1025-7B,no_dominance,C(tense)[T.present perfect],1,0.175089372907356,,0.175089372907356,0.175089372907356,1.0,0.0
allenai_Olmo-3-1025-7B,no_dominance,C(tense)[T.present perfect]:C(semantic_role)[T.patient],1,-0.009139142717631,,-0.009139142717631,-0.009139142717631,0.0,1.0
allenai_Olmo-3-1025-7B,no_dominance,C(tense)[T.present perfect]:C(syntactic_role)[T.subject],1,-0.0772072928292347,,-0.0772072928292347,-0.0772072928292347,0.0,1.0
allenai_Olmo-3-1025-7B,no_dominance,C(tense)[T.present perfect]:C(valence)[T.-val],1,0.0713854108537993,,0.0713854108537993,0.0713854108537993,1.0,0.0
allenai_Olmo-3-1025-7B,no_dominance,C(tense)[T.simple future],1,0.4775120326450807,,0.4775120326450807,0.4775120326450807,1.0,0.0
allenai_Olmo-3-1025-7B,no_dominance,C(tense)[T.simple future]:C(semantic_role)[T.patient],1,0.1399047851562526,,0.1399047851562526,0.1399047851562526,1.0,0.0
allenai_Olmo-3-1025-7B,no_dominance,C(tense)[T.simple future]:C(syntactic_role)[T.subject],1,-0.1481794084821375,,-0.1481794084821375,-0.1481794084821375,0.0,1.0
allenai_Olmo-3-1025-7B,no_dominance,C(tense)[T.simple future]:C(valence)[T.-val],1,0.1633745465959859,,0.1633745465959859,0.1633745465959859,1.0,0.0
allenai_Olmo-3-1025-7B,no_dominance,C(tense)[T.simple past],1,0.0546338762555686,,0.0546338762555686,0.0546338762555686,1.0,0.0
allenai_Olmo-3-1025-7B,no_dominance,C(tense)[T.simple past]:C(semantic_role)[T.patient],1,-0.0663992745535678,,-0.0663992745535678,-0.0663992745535678,0.0,1.0
allenai_Olmo-3-1025-7B,no_dominance,C(tense)[T.simple past]:C(syntactic_role)[T.subject],1,0.1119881766183108,,0.1119881766183108,0.1119881766183108,1.0,0.0
allenai_Olmo-3-1025-7B,no_dominance,C(tense)[T.simple past]:C(valence)[T.-val],1,0.0855922154017914,,0.0855922154017914,0.0855922154017914,1.0,0.0
allenai_Olmo-3-1025-7B,no_dominance,C(valence)[T.-val],1,-0.0291564941406313,,-0.0291564941406313,-0.0291564941406313,0.0,1.0
allenai_Olmo-3-1025-7B,no_dominance,C(valence)[T.-val]:C(semantic_role)[T.patient],1,0.0339477539062505,,0.0339477539062505,0.0339477539062505,1.0,0.0
allenai_Olmo-3-1025-7B,no_dominance,Intercept,1,1.0492417835121464,,1.0492417835121464,1.0492417835121464,1.0,0.0
allenai_Olmo-3-1025-7B,no_profession,C(dominance)[T.-dom],1,0.0437757219587198,,0.0437757219587198,0.0437757219587198,1.0,0.0
allenai_Olmo-3-1025-7B,no_profession,C(dominance)[T.-dom]:C(syntactic_role)[T.subject],1,0.0002083914620598,,0.0002083914620598,0.0002083914620598,1.0,0.0
allenai_Olmo-3-1025-7B,no_profession,C(syntactic_role)[T.subject],1,-0.2231763567243328,,-0.2231763567243328,-0.2231763567243328,0.0,1.0
allenai_Olmo-3-1025-7B,no_profession,C(tense)[T.past perfect],1,0.0410692487444374,,0.0410692487444374,0.0410692487444374,1.0,0.0
allenai_Olmo-3-1025-7B,no_profession,C(tense)[T.past perfect]:C(dominance)[T.-dom],1,0.0176103864397225,,0.0176103864397225,0.0176103864397225,1.0,0.0
allenai_Olmo-3-1025-7B,no_profession,C(tense)[T.past perfect]:C(syntactic_role)[T.subject],1,0.0046691894531171,,0.0046691894531171,0.0046691894531171,1.0,0.0
allenai_Olmo-3-1025-7B,no_profession,C(tense)[T.past perfect]:C(valence)[T.-val],1,0.0814566476004329,,0.0814566476004329,0.0814566476004329,1.0,0.0
allenai_Olmo-3-1025-7B,no_profession,C(tense)[T.present continuous],1,0.0705823625837199,,0.0705823625837199,0.0705823625837199,1.0,0.0
allenai_Olmo-3-1025-7B,no_profession,C(tense)[T.present continuous]:C(dominance)[T.-dom],1,-0.1022456577846037,,-0.1022456577846037,-0.1022456577846037,0.0,1.0
allenai_Olmo-3-1025-7B,no_profession,C(tense)[T.present continuous]:C(syntactic_role)[T.subject],1,0.0447862897600381,,0.0447862897600381,0.0447862897600381,1.0,0.0
allenai_Olmo-3-1025-7B,no_profession,C(tense)[T.present continuous]:C(valence)[T.-val],1,0.0246856689453029,,0.0246856689453029,0.0246856689453029,1.0,0.0
allenai_Olmo-3-1025-7B,no_profession,C(tense)[T.present perfect],1,0.1815761021205501,,0.1815761021205501,0.1815761021205501,1.0,0.0
allenai_Olmo-3-1025-7B,no_profession,C(tense)[T.present perfect]:C(dominance)[T.-dom],1,-0.0221126011439795,,-0.0221126011439795,-0.0221126011439795,0.0,1.0
allenai_Olmo-3-1025-7B,no_profession,C(tense)[T.present perfect]:C(syntactic_role)[T.subject],1,-0.0772072928292473,,-0.0772072928292473,-0.0772072928292473,0.0,1.0
allenai_Olmo-3-1025-7B,no_profession,C(tense)[T.present perfect]:C(valence)[T.-val],1,0.0713854108537841,,0.0713854108537841,0.0713854108537841,1.0,0.0
allenai_Olmo-3-1025-7B,no_profession,C(tense)[T.simple future],1,0.6221919468471064,,0.6221919468471064,0.6221919468471064,1.0,0.0
allenai_Olmo-3-1025-7B,no_profession,C(tense)[T.simple future]:C(dominance)[T.-dom],1,-0.1494550432477706,,-0.1494550432477706,-0.1494550432477706,0.0,1.0
allenai_Olmo-3-1025-7B,no_profession,C(tense)[T.simple future]:C(syntactic_role)[T.subject],1,-0.1481794084821444,,-0.1481794084821444,-0.1481794084821444,0.0,1.0
allenai_Olmo-3-1025-7B,no_profession,C(tense)[T.simple future]:C(valence)[T.-val],1,0.1633745465959738,,0.1633745465959738,0.1633745465959738,1.0,0.0
allenai_Olmo-3-1025-7B,no_profession,C(tense)[T.simple past],1,0.0153390066964455,,0.0153390066964455,0.0153390066964455,1.0,0.0
allenai_Olmo-3-1025-7B,no_profession,C(tense)[T.simple past]:C(dominance)[T.-dom],1,0.0121904645647241,,0.0121904645647241,0.0121904645647241,1.0,0.0
allenai_Olmo-3-1025-7B,no_profession,C(tense)[T.simple past]:C(syntactic_role)[T.subject],1,0.1119881766182954,,0.1119881766182954,0.1119881766182954,1.0,0.0
allenai_Olmo-3-1025-7B,no_profession,C(tense)[T.simple past]:C(valence)[T.-val],1,0.0855922154017735,,0.0855922154017735,0.0855922154017735,1.0,0.0
allenai_Olmo-3-1025-7B,no_profession,C(valence)[T.-val],1,0.0295166015625212,,0.0295166015625212,0.0295166015625212,1.0,0.0
allenai_Olmo-3-1025-7B,no_profession,C(valence)[T.-val]:C(dominance)[T.-dom],1,-0.0833984375000143,,-0.0833984375000143,-0.0833984375000143,0.0,1.0
allenai_Olmo-3-1025-7B,no_profession,C(valence)[T.-val]:C(syntactic_role)[T.subject],1,-0.0354701450892852,,-0.0354701450892852,-0.0354701450892852,0.0,1.0
allenai_Olmo-3-1025-7B,no_profession,Intercept,1,1.028844124930227,,1.028844124930227,1.028844124930227,1.0,0.0
allenai_Olmo-3-1025-7B,no_semantic_role,C(dominance)[T.-dom],1,0.0437757219587072,,0.0437757219587072,0.0437757219587072,1.0,0.0
allenai_Olmo-3-1025-7B,no_semantic_role,C(syntactic_role)[T.subject],1,-0.2231763567239529,,-0.2231763567239529,-0.2231763567239529,0.0,1.0
allenai_Olmo-3-1025-7B,no_semantic_role,C(syntactic_role)[T.subject]:C(dominance)[T.-dom],1,0.0002083914620517,,0.0002083914620517,0.0002083914620517,1.0,0.0
allenai_Olmo-3-1025-7B,no_semantic_role,C(syntactic_role)[T.subject]:C(valence)[T.-val],1,-0.035470145089287,,-0.035470145089287,-0.035470145089287,0.0,1.0
allenai_Olmo-3-1025-7B,no_semantic_role,C(tense)[T.past perfect],1,0.0410692487444255,,0.0410692487444255,0.0410692487444255,1.0,0.0
allenai_Olmo-3-1025-7B,no_semantic_role,C(tense)[T.past perfect]:C(dominance)[T.-dom],1,0.0176103864397304,,0.0176103864397304,0.0176103864397304,1.0,0.0
allenai_Olmo-3-1025-7B,no_semantic_role,C(tense)[T.past perfect]:C(syntactic_role)[T.subject],1,0.0046691894531182,,0.0046691894531182,0.0046691894531182,1.0,0.0
allenai_Olmo-3-1025-7B,no_semantic_role,C(tense)[T.past perfect]:C(valence)[T.-val],1,0.081456647600445,,0.081456647600445,0.081456647600445,1.0,0.0
allenai_Olmo-3-1025-7B,no_semantic_role,C(tense)[T.present continuous],1,0.0705823625837109,,0.0705823625837109,0.0705823625837109,1.0,0.0
allenai_Olmo-3-1025-7B,no_semantic_role,C(tense)[T.present continuous]:C(dominance)[T.-dom],1,-0.1022456577845997,,-0.1022456577845997,-0.1022456577845997,0.0,1.0
allenai_Olmo-3-1025-7B,no_semantic_role,C(tense)[T.present continuous]:C(syntactic_role)[T.subject],1,0.044786289760038,,0.044786289760038,0.044786289760038,1.0,0.0
allenai_Olmo-3-1025-7B,no_semantic_role,C(tense)[T.present continuous]:C(valence)[T.-val],1,0.0246856689453111,,0.0246856689453111,0.0246856689453111,1.0,0.0
allenai_Olmo-3-1025-7B,no_semantic_role,C(tense)[T.present perfect],1,0.1815761021205418,,0.1815761021205418,0.1815761021205418,1.0,0.0
allenai_Olmo-3-1025-7B,no_semantic_role,C(tense)[T.present perfect]:C(dominance)[T.-dom],1,-0.0221126011439751,,-0.0221126011439751,-0.0221126011439751,0.0,1.0
allenai_Olmo-3-1025-7B,no_semantic_role,C(tense)[T.present perfect]:C(syntactic_role)[T.subject],1,-0.0772072928292476,,-0.0772072928292476,-0.0772072928292476,0.0,1.0
allenai_Olmo-3-1025-7B,no_semantic_role,C(tense)[T.present perfect]:C(valence)[T.-val],1,0.0713854108537929,,0.0713854108537929,0.0713854108537929,1.0,0.0
allenai_Olmo-3-1025-7B,no_semantic_role,C(tense)[T.simple future],1,0.6221919468471045,,0.6221919468471045,0.6221919468471045,1.0,0.0
allenai_Olmo-3-1025-7B,no_semantic_role,C(tense)[T.simple future]:C(dominance)[T.-dom],1,-0.1494550432477704,,-0.1494550432477704,-0.1494550432477704,0.0,1.0
allenai_Olmo-3-1025-7B,no_semantic_role,C(tense)[T.simple future]:C(syntactic_role)[T.subject],1,-0.148179408482149,,-0.148179408482149,-0.148179408482149,0.0,1.0
allenai_Olmo-3-1025-7B,no_semantic_role,C(tense)[T.simple future]:C(valence)[T.-val],1,0.1633745465959799,,0.1633745465959799,0.1633745465959799,1.0,0.0
allenai_Olmo-3-1025-7B,no_semantic_role,C(tense)[T.simple past],1,0.0153390066964342,,0.0153390066964342,0.0153390066964342,1.0,0.0
allenai_Olmo-3-1025-7B,no_semantic_role,C(tense)[T.simple past]:C(dominance)[T.-dom],1,0.0121904645647305,,0.0121904645647305,0.0121904645647305,1.0,0.0
allenai_Olmo-3-1025-7B,no_semantic_role,C(tense)[T.simple past]:C(syntactic_role)[T.subject],1,0.111988176618297,,0.111988176618297,0.111988176618297,1.0,0.0
allenai_Olmo-3-1025-7B,no_semantic_role,C(tense)[T.simple past]:C(valence)[T.-val],1,0.0855922154017843,,0.0855922154017843,0.0855922154017843,1.0,0.0
allenai_Olmo-3-1025-7B,no_semantic_role,C(valence)[T.-val],1,0.0295166015625014,,0.0295166015625014,0.0295166015625014,1.0,0.0
allenai_Olmo-3-1025-7B,no_semantic_role,C(valence)[T.-val]:C(dominance)[T.-dom],1,-0.083398437499999,,-0.083398437499999,-0.083398437499999,0.0,1.0
allenai_Olmo-3-1025-7B,no_semantic_role,Intercept,1,1.0288441249248992,,1.0288441249248992,1.0288441249248992,1.0,0.0
allenai_Olmo-3-1025-7B,no_syntactic_role,C(dominance)[T.-dom],1,0.0243659609840056,,0.0243659609840056,0.0243659609840056,1.0,0.0
allenai_Olmo-3-1025-7B,no_syntactic_role,C(dominance)[T.-dom]:C(semantic_role)[T.patient],1,0.0390279134114589,,0.0390279134114589,0.0390279134114589,1.0,0.0
allenai_Olmo-3-1025-7B,no_syntactic_role,C(semantic_role)[T.patient],1,-0.0135935465499471,,-0.0135935465499471,-0.0135935465499471,0.0,1.0
allenai_Olmo-3-1025-7B,no_syntactic_role,C(tense)[T.past perfect],1,0.0589237758091563,,0.0589237758091563,0.0589237758091563,1.0,0.0
allenai_Olmo-3-1025-7B,no_syntactic_role,C(tense)[T.past perfect]:C(dominance)[T.-dom],1,0.0176103864397289,,0.0176103864397289,0.0176103864397289,1.0,0.0
allenai_Olmo-3-1025-7B,no_syntactic_role,C(tense)[T.past perfect]:C(semantic_role)[T.patient],1,-0.0310398646763402,,-0.0310398646763402,-0.0310398646763402,0.0,1.0
allenai_Olmo-3-1025-7B,no_syntactic_role,C(tense)[T.past perfect]:C(valence)[T.-val],1,0.0814566476004433,,0.0814566476004433,0.0814566476004433,1.0,0.0
allenai_Olmo-3-1025-7B,no_syntactic_role,C(tense)[T.present continuous],1,0.1049543108258973,,0.1049543108258973,0.1049543108258973,1.0,0.0
allenai_Olmo-3-1025-7B,no_syntactic_role,C(tense)[T.present continuous]:C(dominance)[T.-dom],1,-0.1022456577846014,,-0.1022456577846014,-0.1022456577846014,0.0,1.0
allenai_Olmo-3-1025-7B,no_syntactic_role,C(tense)[T.present continuous]:C(semantic_role)[T.patient],1,-0.0239576067243313,,-0.0239576067243313,-0.0239576067243313,0.0,1.0
allenai_Olmo-3-1025-7B,no_syntactic_role,C(tense)[T.present continuous]:C(valence)[T.-val],1,0.0246856689453094,,0.0246856689453094,0.0246856689453094,1.0,0.0
allenai_Olmo-3-1025-7B,no_syntactic_role,C(tense)[T.present perfect],1,0.1475420270647367,,0.1475420270647367,0.1475420270647367,1.0,0.0
allenai_Olmo-3-1025-7B,no_syntactic_role,C(tense)[T.present perfect]:C(dominance)[T.-dom],1,-0.0221126011439763,,-0.0221126011439763,-0.0221126011439763,0.0,1.0
allenai_Olmo-3-1025-7B,no_syntactic_role,C(tense)[T.present perfect]:C(semantic_role)[T.patient],1,-0.0091391427176349,,-0.0091391427176349,-0.0091391427176349,0.0,1.0
allenai_Olmo-3-1025-7B,no_syntactic_role,C(tense)[T.present perfect]:C(valence)[T.-val],1,0.0713854108537915,,0.0713854108537915,0.0713854108537915,1.0,0.0
allenai_Olmo-3-1025-7B,no_syntactic_role,C(tense)[T.simple future],1,0.4781498500279053,,0.4781498500279053,0.4781498500279053,1.0,0.0
allenai_Olmo-3-1025-7B,no_syntactic_role,C(tense)[T.simple future]:C(dominance)[T.-dom],1,-0.1494550432477706,,-0.1494550432477706,-0.1494550432477706,0.0,1.0
allenai_Olmo-3-1025-7B,no_syntactic_role,C(tense)[T.simple future]:C(semantic_role)[T.patient],1,0.1399047851562494,,0.1399047851562494,0.1399047851562494,1.0,0.0
allenai_Olmo-3-1025-7B,no_syntactic_role,C(tense)[T.simple future]:C(valence)[T.-val],1,0.1633745465959796,,0.1633745465959796,0.1633745465959796,1.0,0.0
allenai_Olmo-3-1025-7B,no_syntactic_role,C(tense)[T.simple past],1,0.1045327322823706,,0.1045327322823706,0.1045327322823706,1.0,0.0
allenai_Olmo-3-1025-7B,no_syntactic_role,C(tense)[T.simple past]:C(dominance)[T.-dom],1,0.012190464564729,,0.012190464564729,0.012190464564729,1.0,0.0
allenai_Olmo-3-1025-7B,no_syntactic_role,C(tense)[T.simple past]:C(semantic_role)[T.patient],1,-0.0663992745535723,,-0.0663992745535723,-0.0663992745535723,0.0,1.0
allenai_Olmo-3-1025-7B,no_syntactic_role,C(tense)[T.simple past]:C(valence)[T.-val],1,0.0855922154017826,,0.0855922154017826,0.0855922154017826,1.0,0.0
allenai_Olmo-3-1025-7B,no_syntactic_role,C(valence)[T.-val],1,-0.005192347935265,,-0.005192347935265,-0.005192347935265,0.0,1.0
allenai_Olmo-3-1025-7B,no_syntactic_role,C(valence)[T.-val]:C(dominance)[T.-dom],1,-0.0833984375000003,,-0.0833984375000003,-0.0833984375000003,0.0,1.0
allenai_Olmo-3-1025-7B,no_syntactic_role,C(valence)[T.-val]:C(semantic_role)[T.patient],1,0.0339477539062504,,0.0339477539062504,0.0339477539062504,1.0,0.0
allenai_Olmo-3-1025-7B,no_syntactic_role,Intercept,1,0.9240527198371964,,0.9240527198371964,0.9240527198371964,1.0,0.0
allenai_Olmo-3-1025-7B,no_tense,C(dominance)[T.-dom],1,-0.0164069766090026,,-0.0164069766090026,-0.0164069766090026,0.0,1.0
allenai_Olmo-3-1025-7B,no_tense,C(dominance)[T.-dom]:C(semantic_role)[T.patient],1,0.0390279134114582,,0.0390279134114582,0.0390279134114582,1.0,0.0
allenai_Olmo-3-1025-7B,no_tense,C(semantic_role)[T.patient],1,-0.0149720691501438,,-0.0149720691501438,-0.0149720691501438,0.0,1.0
allenai_Olmo-3-1025-7B,no_tense,C(syntactic_role)[T.subject],1,-0.2367735363180843,,-0.2367735363180843,-0.2367735363180843,0.0,1.0
allenai_Olmo-3-1025-7B,no_tense,C(syntactic_role)[T.subject]:C(dominance)[T.-dom],1,0.0002083914620535,,0.0002083914620535,0.0002083914620535,1.0,0.0
allenai_Olmo-3-1025-7B,no_tense,C(syntactic_role)[T.subject]:C(semantic_role)[T.patient],1,0.0058800106956847,,0.0058800106956847,0.0058800106956847,1.0,0.0
allenai_Olmo-3-1025-7B,no_tense,C(syntactic_role)[T.subject]:C(valence)[T.-val],1,-0.0354701450892857,,-0.0354701450892857,-0.0354701450892857,0.0,1.0
allenai_Olmo-3-1025-7B,no_tense,C(valence)[T.-val],1,0.083625139508929,,0.083625139508929,0.083625139508929,1.0,0.0
allenai_Olmo-3-1025-7B,no_tense,C(valence)[T.-val]:C(dominance)[T.-dom],1,-0.0833984375000004,,-0.0833984375000004,-0.0833984375000004,0.0,1.0
allenai_Olmo-3-1025-7B,no_tense,C(valence)[T.-val]:C(semantic_role)[T.patient],1,0.0339477539062497,,0.0339477539062497,0.0339477539062497,1.0,0.0
allenai_Olmo-3-1025-7B,no_tense,Intercept,1,1.1914566039927803,,1.1914566039927803,1.1914566039927803,1.0,0.0
allenai_Olmo-3-1025-7B,no_valence,C(dominance)[T.-dom],1,-0.0174374534970148,,-0.0174374534970148,-0.0174374534970148,0.0,1.0
allenai_Olmo-3-1025-7B,no_valence,C(dominance)[T.-dom]:C(semantic_role)[T.patient],1,0.0390279134114579,,0.0390279134114579,0.0390279134114579,1.0,0.0
allenai_Olmo-3-1025-7B,no_valence,C(semantic_role)[T.patient],1,0.0004403250561262,,0.0004403250561262,0.0004403250561262,1.0,0.0
allenai_Olmo-3-1025-7B,no_valence,C(syntactic_role)[T.subject],1,-0.2438514346178812,,-0.2438514346178812,-0.2438514346178812,0.0,1.0
allenai_Olmo-3-1025-7B,no_valence,C(syntactic_role)[T.subject]:C(dominance)[T.-dom],1,0.0002083914620504,,0.0002083914620504,0.0002083914620504,1.0,0.0
allenai_Olmo-3-1025-7B,no_valence,C(syntactic_role)[T.subject]:C(semantic_role)[T.patient],1,0.0058800106956825,,0.0058800106956825,0.0058800106956825,1.0,0.0
allenai_Olmo-3-1025-7B,no_valence,C(tense)[T.past perfect],1,0.0973175048828213,,0.0973175048828213,0.0973175048828213,1.0,0.0
allenai_Olmo-3-1025-7B,no_valence,C(tense)[T.past perfect]:C(dominance)[T.-dom],1,0.0176103864397243,,0.0176103864397243,0.0176103864397243,1.0,0.0
allenai_Olmo-3-1025-7B,no_valence,C(tense)[T.past perfect]:C(semantic_role)[T.patient],1,-0.0310398646763415,,-0.0310398646763415,-0.0310398646763415,0.0,1.0
allenai_Olmo-3-1025-7B,no_valence,C(tense)[T.past perfect]:C(syntactic_role)[T.subject],1,0.0046691894531211,,0.0046691894531211,0.0046691894531211,1.0,0.0
allenai_Olmo-3-1025-7B,no_valence,C(tense)[T.present continuous],1,0.094904000418536,,0.094904000418536,0.094904000418536,1.0,0.0
allenai_Olmo-3-1025-7B,no_valence,C(tense)[T.present continuous]:C(dominance)[T.-dom],1,-0.1022456577846063,,-0.1022456577846063,-0.1022456577846063,0.0,1.0
allenai_Olmo-3-1025-7B,no_valence,C(tense)[T.present continuous]:C(semantic_role)[T.patient],1,-0.0239576067243326,,-0.0239576067243326,-0.0239576067243326,0.0,1.0
allenai_Olmo-3-1025-7B,no_valence,C(tense)[T.present continuous]:C(syntactic_role)[T.subject],1,0.0447862897600405,,0.0447862897600405,0.0447862897600405,1.0,0.0
allenai_Olmo-3-1025-7B,no_valence,C(tense)[T.present perfect],1,0.2218383789062584,,0.2218383789062584,0.2218383789062584,1.0,0.0
allenai_Olmo-3-1025-7B,no_valence,C(tense)[T.present perfect]:C(dominance)[T.-dom],1,-0.0221126011439809,,-0.0221126011439809,-0.0221126011439809,0.0,1.0
allenai_Olmo-3-1025-7B,no_valence,C(tense)[T.present perfect]:C(semantic_role)[T.patient],1,-0.009139142717636,,-0.009139142717636,-0.009139142717636,0.0,1.0
allenai_Olmo-3-1025-7B,no_valence,C(tense)[T.present perfect]:C(syntactic_role)[T.subject],1,-0.0772072928292444,,-0.0772072928292444,-0.0772072928292444,0.0,1.0
allenai_Olmo-3-1025-7B,no_valence,C(tense)[T.simple future],1,0.6339268275669713,,0.6339268275669713,0.6339268275669713,1.0,0.0
allenai_Olmo-3-1025-7B,no_valence,C(tense)[T.simple future]:C(dominance)[T.-dom],1,-0.1494550432477752,,-0.1494550432477752,-0.1494550432477752,0.0,1.0
allenai_Olmo-3-1025-7B,no_valence,C(tense)[T.simple future]:C(semantic_role)[T.patient],1,0.139904785156248,,0.139904785156248,0.139904785156248,1.0,0.0
allenai_Olmo-3-1025-7B,no_valence,C(tense)[T.simple future]:C(syntactic_role)[T.subject],1,-0.1481794084821446,,-0.1481794084821446,-0.1481794084821446,0.0,1.0
allenai_Olmo-3-1025-7B,no_valence,C(tense)[T.simple past],1,0.0913347516741164,,0.0913347516741164,0.0913347516741164,1.0,0.0
allenai_Olmo-3-1025-7B,no_valence,C(tense)[T.simple past]:C(dominance)[T.-dom],1,0.0121904645647241,,0.0121904645647241,0.0121904645647241,1.0,0.0
allenai_Olmo-3-1025-7B,no_valence,C(tense)[T.simple past]:C(semantic_role)[T.patient],1,-0.066399274553574,,-0.066399274553574,-0.066399274553574,0.0,1.0
allenai_Olmo-3-1025-7B,no_valence,C(tense)[T.simple past]:C(syntactic_role)[T.subject],1,0.1119881766182995,,0.1119881766182995,0.1119881766182995,1.0,0.0
allenai_Olmo-3-1025-7B,no_valence,Intercept,1,1.0433822631998646,,1.0433822631998646,1.0433822631998646,1.0,0.0
google_gemma-3-4b-pt,full_mixed,C(dominance)[T.-dom],1,0.1887863885788679,,0.1887863885788679,0.1887863885788679,1.0,0.0
google_gemma-3-4b-pt,full_mixed,C(dominance)[T.-dom]:C(semantic_role)[T.patient],1,0.0362240745907723,,0.0362240745907723,0.0362240745907723,1.0,0.0
google_gemma-3-4b-pt,full_mixed,C(semantic_role)[T.patient],1,-0.120228213355987,,-0.120228213355987,-0.120228213355987,0.0,1.0
google_gemma-3-4b-pt,full_mixed,C(syntactic_role)[T.subject],1,-0.4359026227676632,,-0.4359026227676632,-0.4359026227676632,0.0,1.0
google_gemma-3-4b-pt,full_mixed,C(syntactic_role)[T.subject]:C(dominance)[T.-dom],1,-0.0155389694940475,,-0.0155389694940475,-0.0155389694940475,0.0,1.0
google_gemma-3-4b-pt,full_mixed,C(syntactic_role)[T.subject]:C(semantic_role)[T.patient],1,-0.0285894484747024,,-0.0285894484747024,-0.0285894484747024,0.0,1.0
google_gemma-3-4b-pt,full_mixed,C(syntactic_role)[T.subject]:C(valence)[T.-val],1,-0.0926757812499997,,-0.0926757812499997,-0.0926757812499997,0.0,1.0
google_gemma-3-4b-pt,full_mixed,C(tense)[T.past perfect],1,-0.0233978271484425,,-0.0233978271484425,-0.0233978271484425,0.0,1.0
google_gemma-3-4b-pt,full_mixed,C(tense)[T.past perfect]:C(dominance)[T.-dom],1,-0.0315560477120507,,-0.0315560477120507,-0.0315560477120507,0.0,1.0
google_gemma-3-4b-pt,full_mixed,C(tense)[T.past perfect]:C(semantic_role)[T.patient],1,0.0446245465959831,,0.0446245465959831,0.0446245465959831,1.0,0.0
google_gemma-3-4b-pt,full_mixed,C(tense)[T.past perfect]:C(syntactic_role)[T.subject],1,0.0338160923549114,,0.0338160923549114,0.0338160923549114,1.0,0.0
google_gemma-3-4b-pt,full_mixed,C(tense)[T.past perfect]:C(valence)[T.-val],1,0.0171447753906278,,0.0171447753906278,0.0171447753906278,1.0,0.0
google_gemma-3-4b-pt,full_mixed,C(tense)[T.present continuous],1,-0.0987718854631753,,-0.0987718854631753,-0.0987718854631753,0.0,1.0
google_gemma-3-4b-pt,full_mixed,C(tense)[T.present continuous]:C(dominance)[T.-dom],1,-0.0829964773995504,,-0.0829964773995504,-0.0829964773995504,0.0,1.0
google_gemma-3-4b-pt,full_mixed,C(tense)[T.present continuous]:C(semantic_role)[T.patient],1,-0.0036315917968737,,-0.0036315917968737,-0.0036315917968737,0.0,1.0
google_gemma-3-4b-pt,full_mixed,C(tense)[T.present continuous]:C(syntactic_role)[T.subject],1,0.1352042061941973,,0.1352042061941973,0.1352042061941973,1.0,0.0
google_gemma-3-4b-pt,full_mixed,C(tense)[T.present continuous]:C(valence)[T.-val],1,-0.0698146275111573,,-0.0698146275111573,-0.0698146275111573,0.0,1.0
google_gemma-3-4b-pt,full_mixed,C(tense)[T.present perfect],1,-0.1426674979073714,,-0.1426674979073714,-0.1426674979073714,0.0,1.0
google_gemma-3-4b-pt,full_mixed,C(tense)[T.present perfect]:C(dominance)[T.-dom],1,-0.0072239467075863,,-0.0072239467075863,-0.0072239467075863,0.0,1.0
google_gemma-3-4b-pt,full_mixed,C(tense)[T.present perfect]:C(semantic_role)[T.patient],1,0.0448965890066976,,0.0448965890066976,0.0448965890066976,1.0,0.0
google_gemma-3-4b-pt,full_mixed,C(tense)[T.present perfect]:C(syntactic_role)[T.subject],1,0.1449541364397331,,0.1449541364397331,0.1449541364397331,1.0,0.0
google_gemma-3-4b-pt,full_mixed,C(tense)[T.present perfect]:C(valence)[T.-val],1,0.0402317592075922,,0.0402317592075922,0.0402317592075922,1.0,0.0
google_gemma-3-4b-pt,full_mixed,C(tense)[T.simple future],1,0.2444693429129411,,0.2444693429129411,0.2444693429129411,1.0,0.0
google_gemma-3-4b-pt,full_mixed,C(tense)[T.simple future]:C(dominance)[T.-dom],1,-0.1119838169642825,,-0.1119838169642825,-0.1119838169642825,0.0,1.0
google_gemma-3-4b-pt,full_mixed,C(tense)[T.simple future]:C(semantic_role)[T.patient],1,0.0229875837053578,,0.0229875837053578,0.0229875837053578,1.0,0.0
google_gemma-3-4b-pt,full_mixed,C(tense)[T.simple future]:C(syntactic_role)[T.subject],1,0.2077514648437508,,0.2077514648437508,0.2077514648437508,1.0,0.0
google_gemma-3-4b-pt,full_mixed,C(tense)[T.simple future]:C(valence)[T.-val],1,0.0269112723214317,,0.0269112723214317,0.0269112723214317,1.0,0.0
google_gemma-3-4b-pt,full_mixed,C(tense)[T.simple past],1,-0.1448543003627288,,-0.1448543003627288,-0.1448543003627288,0.0,1.0
google_gemma-3-4b-pt,full_mixed,C(tense)[T.simple past]:C(dominance)[T.-dom],1,-0.0003618512834791,,-0.0003618512834791,-0.0003618512834791,0.0,1.0
google_gemma-3-4b-pt,full_mixed,C(tense)[T.simple past]:C(semantic_role)[T.patient],1,0.0022521972656263,,0.0022521972656263,0.0022521972656263,1.0,0.0
google_gemma-3-4b-pt,full_mixed,C(tense)[T.simple past]:C(syntactic_role)[T.subject],1,0.1052812848772331,,0.1052812848772331,0.1052812848772331,1.0,0.0
google_gemma-3-4b-pt,full_mixed,C(tense)[T.simple past]:C(valence)[T.-val],1,0.1079825265066994,,0.1079825265066994,0.1079825265066994,1.0,0.0
google_gemma-3-4b-pt,full_mixed,C(valence)[T.-val],1,0.1500877743675581,,0.1500877743675581,0.1500877743675581,1.0,0.0
google_gemma-3-4b-pt,full_mixed,C(valence)[T.-val]:C(dominance)[T.-dom],1,-0.2015904017857157,,-0.2015904017857157,-0.2015904017857157,0.0,1.0
google_gemma-3-4b-pt,full_mixed,C(valence)[T.-val]:C(semantic_role)[T.patient],1,0.0385573614211295,,0.0385573614211295,0.0385573614211295,1.0,0.0
google_gemma-3-4b-pt,full_mixed,Intercept,1,1.092465936563352,,1.092465936563352,1.092465936563352,1.0,0.0
google_gemma-3-4b-pt,full_mixed_2,C(dominance)[T.-dom],1,0.2280537923177104,,0.2280537923177104,0.2280537923177104,1.0,0.0
google_gemma-3-4b-pt,full_mixed_2,C(dominance)[T.-dom]:C(profession)[T.carpenter],1,0.0315755208333312,,0.0315755208333312,0.0315755208333312,1.0,0.0
google_gemma-3-4b-pt,full_mixed_2,C(dominance)[T.-dom]:C(profession)[T.cashier],1,-0.0604634602864607,,-0.0604634602864607,-0.0604634602864607,0.0,1.0
google_gemma-3-4b-pt,full_mixed_2,C(dominance)[T.-dom]:C(profession)[T.ceo],1,0.0957194010416642,,0.0957194010416642,0.0957194010416642,1.0,0.0
google_gemma-3-4b-pt,full_mixed_2,C(dominance)[T.-dom]:C(profession)[T.cleaner],1,0.000742594401039,,0.000742594401039,0.000742594401039,1.0,0.0
google_gemma-3-4b-pt,full_mixed_2,C(dominance)[T.-dom]:C(profession)[T.cook],1,-0.0196777343750024,,-0.0196777343750024,-0.0196777343750024,0.0,1.0
google_gemma-3-4b-pt,full_mixed_2,C(dominance)[T.-dom]:C(profession)[T.designer],1,-0.0893107096354191,,-0.0893107096354191,-0.0893107096354191,0.0,1.0
google_gemma-3-4b-pt,full_mixed_2,C(dominance)[T.-dom]:C(profession)[T.driver],1,0.0449381510416644,,0.0449381510416644,0.0449381510416644,1.0,0.0
google_gemma-3-4b-pt,full_mixed_2,C(dominance)[T.-dom]:C(profession)[T.lawyer],1,-0.0593098958333358,,-0.0593098958333358,-0.0593098958333358,0.0,1.0
google_gemma-3-4b-pt,full_mixed_2,C(dominance)[T.-dom]:C(profession)[T.manager],1,0.013407389322914,,0.013407389322914,0.013407389322914,1.0,0.0
google_gemma-3-4b-pt,full_mixed_2,C(dominance)[T.-dom]:C(profession)[T.receptionist],1,-0.0235229492187524,,-0.0235229492187524,-0.0235229492187524,0.0,1.0
google_gemma-3-4b-pt,full_mixed_2,C(dominance)[T.-dom]:C(profession)[T.salesperson],1,0.0275878906249976,,0.0275878906249976,0.0275878906249976,1.0,0.0
google_gemma-3-4b-pt,full_mixed_2,C(dominance)[T.-dom]:C(profession)[T.secretary],1,-0.1600891113281271,,-0.1600891113281271,-0.1600891113281271,0.0,1.0
google_gemma-3-4b-pt,full_mixed_2,C(dominance)[T.-dom]:C(profession)[T.teacher],1,-0.0977722167968778,,-0.0977722167968778,-0.0977722167968778,0.0,1.0
google_gemma-3-4b-pt,full_mixed_2,C(profession)[T.carpenter],1,1.8249511718749167,,1.8249511718749167,1.8249511718749167,1.0,0.0
google_gemma-3-4b-pt,full_mixed_2,C(profession)[T.cashier],1,-1.7173960367838672,,-1.7173960367838672,-1.7173960367838672,0.0,1.0
google_gemma-3-4b-pt,full_mixed_2,C(profession)[T.ceo],1,-0.2741129557292148,,-0.2741129557292148,-0.2741129557292148,0.0,1.0
google_gemma-3-4b-pt,full_mixed_2,C(profession)[T.cleaner],1,-1.3692494710286474,,-1.3692494710286474,-1.3692494710286474,0.0,1.0
google_gemma-3-4b-pt,full_mixed_2,C(profession)[T.cook],1,-0.8360961914062488,,-0.8360961914062488,-0.8360961914062488,0.0,1.0
google_gemma-3-4b-pt,full_mixed_2,C(profession)[T.designer],1,-0.8148091634114872,,-0.8148091634114872,-0.8148091634114872,0.0,1.0
google_gemma-3-4b-pt,full_mixed_2,C(profession)[T.driver],1,0.3252197265625062,,0.3252197265625062,0.3252197265625062,1.0,0.0
google_gemma-3-4b-pt,full_mixed_2,C(profession)[T.lawyer],1,0.3687499999999771,,0.3687499999999771,0.3687499999999771,1.0,0.0
google_gemma-3-4b-pt,full_mixed_2,C(profession)[T.manager],1,-0.4187723795573242,,-0.4187723795573242,-0.4187723795573242,0.0,1.0
google_gemma-3-4b-pt,full_mixed_2,C(profession)[T.receptionist],1,-2.776700846354194,,-2.776700846354194,-2.776700846354194,0.0,1.0
google_gemma-3-4b-pt,full_mixed_2,C(profession)[T.salesperson],1,-0.764379882812491,,-0.764379882812491,-0.764379882812491,0.0,1.0
google_gemma-3-4b-pt,full_mixed_2,C(profession)[T.secretary],1,-2.492200724283843,,-2.492200724283843,-2.492200724283843,0.0,1.0
google_gemma-3-4b-pt,full_mixed_2,C(profession)[T.teacher],1,-1.6375172932942694,,-1.6375172932942694,-1.6375172932942694,0.0,1.0
google_gemma-3-4b-pt,full_mixed_2,C(syntactic_role)[T.subject],1,-0.4873729887464187,,-0.4873729887464187,-0.4873729887464187,0.0,1.0
google_gemma-3-4b-pt,full_mixed_2,C(syntactic_role)[T.subject]:C(dominance)[T.-dom],1,-0.0155389694940481,,-0.0155389694940481,-0.0155389694940481,0.0,1.0
google_gemma-3-4b-pt,full_mixed_2,C(syntactic_role)[T.subject]:C(profession)[T.carpenter],1,0.013867187499994,,0.013867187499994,0.013867187499994,1.0,0.0
google_gemma-3-4b-pt,full_mixed_2,C(syntactic_role)[T.subject]:C(profession)[T.cashier],1,0.2263081868489522,,0.2263081868489522,0.2263081868489522,1.0,0.0
google_gemma-3-4b-pt,full_mixed_2,C(syntactic_role)[T.subject]:C(profession)[T.ceo],1,0.0705891927083272,,0.0705891927083272,0.0705891927083272,1.0,0.0
google_gemma-3-4b-pt,full_mixed_2,C(syntactic_role)[T.subject]:C(profession)[T.cleaner],1,-0.1257995605468813,,-0.1257995605468813,-0.1257995605468813,0.0,1.0
google_gemma-3-4b-pt,full_mixed_2,C(syntactic_role)[T.subject]:C(profession)[T.cook],1,0.1864746093749937,,0.1864746093749937,0.1864746093749937,1.0,0.0
google_gemma-3-4b-pt,full_mixed_2,C(syntactic_role)[T.subject]:C(profession)[T.designer],1,0.2156005859374937,,0.2156005859374937,0.2156005859374937,1.0,0.0
google_gemma-3-4b-pt,full_mixed_2,C(syntactic_role)[T.subject]:C(profession)[T.driver],1,-0.085074869791673,,-0.085074869791673,-0.085074869791673,0.0,1.0
google_gemma-3-4b-pt,full_mixed_2,C(syntactic_role)[T.subject]:C(profession)[T.lawyer],1,-0.3237304687500061,,-0.3237304687500061,-0.3237304687500061,0.0,1.0
google_gemma-3-4b-pt,full_mixed_2,C(syntactic_role)[T.subject]:C(profession)[T.manager],1,0.0640502929687439,,0.0640502929687439,0.0640502929687439,1.0,0.0
google_gemma-3-4b-pt,full_mixed_2,C(syntactic_role)[T.subject]:C(profession)[T.receptionist],1,0.0370849609374941,,0.0370849609374941,0.0370849609374941,1.0,0.0
google_gemma-3-4b-pt,full_mixed_2,C(syntactic_role)[T.subject]:C(profession)[T.salesperson],1,0.118391927083327,,0.118391927083327,0.118391927083327,1.0,0.0
google_gemma-3-4b-pt,full_mixed_2,C(syntactic_role)[T.subject]:C(profession)[T.secretary],1,-0.0016092936197976,,-0.0016092936197976,-0.0016092936197976,0.0,1.0
google_gemma-3-4b-pt,full_mixed_2,C(syntactic_role)[T.subject]:C(profession)[T.teacher],1,0.1243062337239518,,0.1243062337239518,0.1243062337239518,1.0,0.0
google_gemma-3-4b-pt,full_mixed_2,C(syntactic_role)[T.subject]:C(valence)[T.-val],1,-0.0926757812500006,,-0.0926757812500006,-0.0926757812500006,0.0,1.0
google_gemma-3-4b-pt,full_mixed_2,C(tense)[T.past perfect],1,-0.0039406912667362,,-0.0039406912667362,-0.0039406912667362,0.0,1.0
google_gemma-3-4b-pt,full_mixed_2,C(tense)[T.past perfect]:C(dominance)[T.-dom],1,-0.0315560477120535,,-0.0315560477120535,-0.0315560477120535,0.0,1.0
google_gemma-3-4b-pt,full_mixed_2,C(tense)[T.past perfect]:C(profession)[T.carpenter],1,0.0051757812499954,,0.0051757812499954,0.0051757812499954,1.0,0.0
google_gemma-3-4b-pt,full_mixed_2,C(tense)[T.past perfect]:C(profession)[T.cashier],1,0.109497070312495,,0.109497070312495,0.109497070312495,1.0,0.0
google_gemma-3-4b-pt,full_mixed_2,C(tense)[T.past perfect]:C(profession)[T.ceo],1,-0.2129882812500047,,-0.2129882812500047,-0.2129882812500047,0.0,1.0
google_gemma-3-4b-pt,full_mixed_2,C(tense)[T.past perfect]:C(profession)[T.cleaner],1,-0.1080017089843801,,-0.1080017089843801,-0.1080017089843801,0.0,1.0
google_gemma-3-4b-pt,full_mixed_2,C(tense)[T.past perfect]:C(profession)[T.cook],1,-0.064440917968755,,-0.064440917968755,-0.064440917968755,0.0,1.0
google_gemma-3-4b-pt,full_mixed_2,C(tense)[T.past perfect]:C(profession)[T.designer],1,-0.021606445312505,,-0.021606445312505,-0.021606445312505,0.0,1.0
google_gemma-3-4b-pt,full_mixed_2,C(tense)[T.past perfect]:C(profession)[T.driver],1,0.0026855468749948,,0.0026855468749948,0.0026855468749948,1.0,0.0
google_gemma-3-4b-pt,full_mixed_2,C(tense)[T.past perfect]:C(profession)[T.lawyer],1,0.0864746093749949,,0.0864746093749949,0.0864746093749949,1.0,0.0
google_gemma-3-4b-pt,full_mixed_2,C(tense)[T.past perfect]:C(profession)[T.manager],1,0.0229980468749946,,0.0229980468749946,0.0229980468749946,1.0,0.0
google_gemma-3-4b-pt,full_mixed_2,C(tense)[T.past perfect]:C(profession)[T.receptionist],1,0.1039245605468701,,0.1039245605468701,0.1039245605468701,1.0,0.0
google_gemma-3-4b-pt,full_mixed_2,C(tense)[T.past perfect]:C(profession)[T.salesperson],1,-0.0588623046875051,,-0.0588623046875051,-0.0588623046875051,0.0,1.0
google_gemma-3-4b-pt,full_mixed_2,C(tense)[T.past perfect]:C(profession)[T.secretary],1,0.0800659179687455,,0.0800659179687455,0.0800659179687455,1.0,0.0
google_gemma-3-4b-pt,full_mixed_2,C(tense)[T.past perfect]:C(profession)[T.teacher],1,0.0950500488281201,,0.0950500488281201,0.0950500488281201,1.0,0.0
google_gemma-3-4b-pt,full_mixed_2,C(tense)[T.past perfect]:C(syntactic_role)[T.subject],1,0.0338160923549108,,0.0338160923549108,0.0338160923549108,1.0,0.0
google_gemma-3-4b-pt,full_mixed_2,C(tense)[T.past perfect]:C(valence)[T.-val],1,0.0171447753906249,,0.0171447753906249,0.0171447753906249,1.0,0.0
google_gemma-3-4b-pt,full_mixed_2,C(tense)[T.present continuous],1,-0.3964211600167437,,-0.3964211600167437,-0.3964211600167437,0.0,1.0
google_gemma-3-4b-pt,full_mixed_2,C(tense)[T.present continuous]:C(dominance)[T.-dom],1,-0.0829964773995522,,-0.0829964773995522,-0.0829964773995522,0.0,1.0
google_gemma-3-4b-pt,full_mixed_2,C(tense)[T.present continuous]:C(profession)[T.carpenter],1,-0.0289550781249984,,-0.0289550781249984,-0.0289550781249984,0.0,1.0
google_gemma-3-4b-pt,full_mixed_2,C(tense)[T.present continuous]:C(profession)[T.cashier],1,0.459838867187501,,0.459838867187501,0.459838867187501,1.0,0.0
google_gemma-3-4b-pt,full_mixed_2,C(tense)[T.present continuous]:C(profession)[T.ceo],1,0.3305664062500013,,0.3305664062500013,0.3305664062500013,1.0,0.0
google_gemma-3-4b-pt,full_mixed_2,C(tense)[T.present continuous]:C(profession)[T.cleaner],1,0.3665771484375008,,0.3665771484375008,0.3665771484375008,1.0,0.0
google_gemma-3-4b-pt,full_mixed_2,C(tense)[T.present continuous]:C(profession)[T.cook],1,0.267852783203126,,0.267852783203126,0.267852783203126,1.0,0.0
google_gemma-3-4b-pt,full_mixed_2,C(tense)[T.present continuous]:C(profession)[T.designer],1,0.410528564453126,,0.410528564453126,0.410528564453126,1.0,0.0
google_gemma-3-4b-pt,full_mixed_2,C(tense)[T.present continuous]:C(profession)[T.driver],1,0.2936523437500008,,0.2936523437500008,0.2936523437500008,1.0,0.0
google_gemma-3-4b-pt,full_mixed_2,C(tense)[T.present continuous]:C(profession)[T.lawyer],1,-0.075878906249999,,-0.075878906249999,-0.075878906249999,0.0,1.0
google_gemma-3-4b-pt,full_mixed_2,C(tense)[T.present continuous]:C(profession)[T.manager],1,0.4009521484375005,,0.4009521484375005,0.4009521484375005,1.0,0.0
google_gemma-3-4b-pt,full_mixed_2,C(tense)[T.present continuous]:C(profession)[T.receptionist],1,0.4689086914062511,,0.4689086914062511,0.4689086914062511,1.0,0.0
google_gemma-3-4b-pt,full_mixed_2,C(tense)[T.present continuous]:C(profession)[T.salesperson],1,0.3997558593750005,,0.3997558593750005,0.3997558593750005,1.0,0.0
google_gemma-3-4b-pt,full_mixed_2,C(tense)[T.present continuous]:C(profession)[T.secretary],1,0.4601379394531263,,0.4601379394531263,0.4601379394531263,1.0,0.0
google_gemma-3-4b-pt,full_mixed_2,C(tense)[T.present continuous]:C(profession)[T.teacher],1,0.3877319335937513,,0.3877319335937513,0.3877319335937513,1.0,0.0
google_gemma-3-4b-pt,full_mixed_2,C(tense)[T.present continuous]:C(syntactic_role)[T.subject],1,0.1352042061941967,,0.1352042061941967,0.1352042061941967,1.0,0.0
google_gemma-3-4b-pt,full_mixed_2,C(tense)[T.present continuous]:C(valence)[T.-val],1,-0.0698146275111596,,-0.0698146275111596,-0.0698146275111596,0.0,1.0
google_gemma-3-4b-pt,full_mixed_2,C(tense)[T.present perfect],1,-0.3558755057198671,,-0.3558755057198671,-0.3558755057198671,0.0,1.0
google_gemma-3-4b-pt,full_mixed_2,C(tense)[T.present perfect]:C(dominance)[T.-dom],1,-0.0072239467075881,,-0.0072239467075881,-0.0072239467075881,0.0,1.0
google_gemma-3-4b-pt,full_mixed_2,C(tense)[T.present perfect]:C(profession)[T.carpenter],1,0.02568359375,,0.02568359375,0.02568359375,1.0,0.0
google_gemma-3-4b-pt,full_mixed_2,C(tense)[T.present perfect]:C(profession)[T.cashier],1,0.3992919921874995,,0.3992919921874995,0.3992919921874995,1.0,0.0
google_gemma-3-4b-pt,full_mixed_2,C(tense)[T.present perfect]:C(profession)[T.ceo],1,0.1398437499999999,,0.1398437499999999,0.1398437499999999,1.0,0.0
google_gemma-3-4b-pt,full_mixed_2,C(tense)[T.present perfect]:C(profession)[T.cleaner],1,0.2091491699218746,,0.2091491699218746,0.2091491699218746,1.0,0.0
google_gemma-3-4b-pt,full_mixed_2,C(tense)[T.present perfect]:C(profession)[T.cook],1,0.1961425781249997,,0.1961425781249997,0.1961425781249997,1.0,0.0
google_gemma-3-4b-pt,full_mixed_2,C(tense)[T.present perfect]:C(profession)[T.designer],1,0.3055114746093748,,0.3055114746093748,0.3055114746093748,1.0,0.0
google_gemma-3-4b-pt,full_mixed_2,C(tense)[T.present perfect]:C(profession)[T.driver],1,0.3600097656249995,,0.3600097656249995,0.3600097656249995,1.0,0.0
google_gemma-3-4b-pt,full_mixed_2,C(tense)[T.present perfect]:C(profession)[T.lawyer],1,-0.0114257812500004,,-0.0114257812500004,-0.0114257812500004,0.0,1.0
google_gemma-3-4b-pt,full_mixed_2,C(tense)[T.present perfect]:C(profession)[T.manager],1,0.3090087890624992,,0.3090087890624992,0.3090087890624992,1.0,0.0
google_gemma-3-4b-pt,full_mixed_2,C(tense)[T.present perfect]:C(profession)[T.receptionist],1,0.3630004882812497,,0.3630004882812497,0.3630004882812497,1.0,0.0
google_gemma-3-4b-pt,full_mixed_2,C(tense)[T.present perfect]:C(profession)[T.salesperson],1,0.2315917968749993,,0.2315917968749993,0.2315917968749993,1.0,0.0
google_gemma-3-4b-pt,full_mixed_2,C(tense)[T.present perfect]:C(profession)[T.secretary],1,0.4405029296875002,,0.4405029296875002,0.4405029296875002,1.0,0.0
google_gemma-3-4b-pt,full_mixed_2,C(tense)[T.present perfect]:C(profession)[T.teacher],1,0.3308776855468749,,0.3308776855468749,0.3308776855468749,1.0,0.0
google_gemma-3-4b-pt,full_mixed_2,C(tense)[T.present perfect]:C(syntactic_role)[T.subject],1,0.1449541364397323,,0.1449541364397323,0.1449541364397323,1.0,0.0
google_gemma-3-4b-pt,full_mixed_2,C(tense)[T.present perfect]:C(valence)[T.-val],1,0.0402317592075901,,0.0402317592075901,0.0402317592075901,1.0,0.0
google_gemma-3-4b-pt,full_mixed_2,C(tense)[T.simple future],1,-0.0171500069754537,,-0.0171500069754537,-0.0171500069754537,0.0,1.0
google_gemma-3-4b-pt,full_mixed_2,C(tense)[T.simple future]:C(dominance)[T.-dom],1,-0.1119838169642842,,-0.1119838169642842,-0.1119838169642842,0.0,1.0
google_gemma-3-4b-pt,full_mixed_2,C(tense)[T.simple future]:C(profession)[T.carpenter],1,-0.044580078124994,,-0.044580078124994,-0.044580078124994,0.0,1.0
google_gemma-3-4b-pt,full_mixed_2,C(tense)[T.simple future]:C(profession)[T.cashier],1,0.3964660644531304,,0.3964660644531304,0.3964660644531304,1.0,0.0
google_gemma-3-4b-pt,full_mixed_2,C(tense)[T.simple future]:C(profession)[T.ceo],1,0.0050781250000056,,0.0050781250000056,0.0050781250000056,1.0,0.0
google_gemma-3-4b-pt,full_mixed_2,C(tense)[T.simple future]:C(profession)[T.cleaner],1,0.2972961425781302,,0.2972961425781302,0.2972961425781302,1.0,0.0
google_gemma-3-4b-pt,full_mixed_2,C(tense)[T.simple future]:C(profession)[T.cook],1,0.0571350097656302,,0.0571350097656302,0.0571350097656302,1.0,0.0
google_gemma-3-4b-pt,full_mixed_2,C(tense)[T.simple future]:C(profession)[T.designer],1,0.5054504394531304,,0.5054504394531304,0.5054504394531304,1.0,0.0
google_gemma-3-4b-pt,full_mixed_2,C(tense)[T.simple future]:C(profession)[T.driver],1,0.4203613281250052,,0.4203613281250052,0.4203613281250052,1.0,0.0
google_gemma-3-4b-pt,full_mixed_2,C(tense)[T.simple future]:C(profession)[T.lawyer],1,0.004248046875005,,0.004248046875005,0.004248046875005,1.0,0.0
google_gemma-3-4b-pt,full_mixed_2,C(tense)[T.simple future]:C(profession)[T.manager],1,0.564501953125005,,0.564501953125005,0.564501953125005,1.0,0.0
google_gemma-3-4b-pt,full_mixed_2,C(tense)[T.simple future]:C(profession)[T.receptionist],1,0.3902465820312553,,0.3902465820312553,0.3902465820312553,1.0,0.0
google_gemma-3-4b-pt,full_mixed_2,C(tense)[T.simple future]:C(profession)[T.salesperson],1,0.390405273437505,,0.390405273437505,0.390405273437505,1.0,0.0
google_gemma-3-4b-pt,full_mixed_2,C(tense)[T.simple future]:C(profession)[T.secretary],1,0.3433715820312558,,0.3433715820312558,0.3433715820312558,1.0,0.0
google_gemma-3-4b-pt,full_mixed_2,C(tense)[T.simple future]:C(profession)[T.teacher],1,0.4936035156250055,,0.4936035156250055,0.4936035156250055,1.0,0.0
google_gemma-3-4b-pt,full_mixed_2,C(tense)[T.simple future]:C(syntactic_role)[T.subject],1,0.2077514648437507,,0.2077514648437507,0.2077514648437507,1.0,0.0
google_gemma-3-4b-pt,full_mixed_2,C(tense)[T.simple future]:C(valence)[T.-val],1,0.0269112723214297,,0.0269112723214297,0.0269112723214297,1.0,0.0
google_gemma-3-4b-pt,full_mixed_2,C(tense)[T.simple past],1,-0.2211970738002233,,-0.2211970738002233,-0.2211970738002233,0.0,1.0
google_gemma-3-4b-pt,full_mixed_2,C(tense)[T.simple past]:C(dominance)[T.-dom],1,-0.0003618512834814,,-0.0003618512834814,-0.0003618512834814,0.0,1.0
google_gemma-3-4b-pt,full_mixed_2,C(tense)[T.simple past]:C(profession)[T.carpenter],1,0.1348632812499997,,0.1348632812499997,0.1348632812499997,1.0,0.0
google_gemma-3-4b-pt,full_mixed_2,C(tense)[T.simple past]:C(profession)[T.cashier],1,0.1395507812499992,,0.1395507812499992,0.1395507812499992,1.0,0.0
google_gemma-3-4b-pt,full_mixed_2,C(tense)[T.simple past]:C(profession)[T.ceo],1,-0.0359863281250005,,-0.0359863281250005,-0.0359863281250005,0.0,1.0
google_gemma-3-4b-pt,full_mixed_2,C(tense)[T.simple past]:C(profession)[T.cleaner],1,-0.0073730468750008,,-0.0073730468750008,-0.0073730468750008,0.0,1.0
google_gemma-3-4b-pt,full_mixed_2,C(tense)[T.simple past]:C(profession)[T.cook],1,-0.0071533203125006,,-0.0071533203125006,-0.0071533203125006,0.0,1.0
google_gemma-3-4b-pt,full_mixed_2,C(tense)[T.simple past]:C(profession)[T.designer],1,0.1100524902343742,,0.1100524902343742,0.1100524902343742,1.0,0.0
google_gemma-3-4b-pt,full_mixed_2,C(tense)[T.simple past]:C(profession)[T.driver],1,0.1022460937499992,,0.1022460937499992,0.1022460937499992,1.0,0.0
google_gemma-3-4b-pt,full_mixed_2,C(tense)[T.simple past]:C(profession)[T.lawyer],1,0.0197265624999992,,0.0197265624999992,0.0197265624999992,1.0,0.0
google_gemma-3-4b-pt,full_mixed_2,C(tense)[T.simple past]:C(profession)[T.manager],1,0.1052368164062488,,0.1052368164062488,0.1052368164062488,1.0,0.0
google_gemma-3-4b-pt,full_mixed_2,C(tense)[T.simple past]:C(profession)[T.receptionist],1,0.1665466308593745,,0.1665466308593745,0.1665466308593745,1.0,0.0
google_gemma-3-4b-pt,full_mixed_2,C(tense)[T.simple past]:C(profession)[T.salesperson],1,0.0235351562499991,,0.0235351562499991,0.0235351562499991,1.0,0.0
google_gemma-3-4b-pt,full_mixed_2,C(tense)[T.simple past]:C(profession)[T.secretary],1,0.1687988281249998,,0.1687988281249998,0.1687988281249998,1.0,0.0
google_gemma-3-4b-pt,full_mixed_2,C(tense)[T.simple past]:C(profession)[T.teacher],1,0.1645202636718745,,0.1645202636718745,0.1645202636718745,1.0,0.0
google_gemma-3-4b-pt,full_mixed_2,C(tense)[T.simple past]:C(syntactic_role)[T.subject],1,0.1052812848772325,,0.1052812848772325,0.1052812848772325,1.0,0.0
google_gemma-3-4b-pt,full_mixed_2,C(tense)[T.simple past]:C(valence)[T.-val],1,0.1079825265066968,,0.1079825265066968,0.1079825265066968,1.0,0.0
google_gemma-3-4b-pt,full_mixed_2,C(valence)[T.-val],1,0.1826808384486626,,0.1826808384486626,0.1826808384486626,1.0,0.0
google_gemma-3-4b-pt,full_mixed_2,C(valence)[T.-val]:C(dominance)[T.-dom],1,-0.2015904017857146,,-0.2015904017857146,-0.2015904017857146,0.0,1.0
google_gemma-3-4b-pt,full_mixed_2,C(valence)[T.-val]:C(profession)[T.carpenter],1,0.1105143229166649,,0.1105143229166649,0.1105143229166649,1.0,0.0
google_gemma-3-4b-pt,full_mixed_2,C(valence)[T.-val]:C(profession)[T.cashier],1,-0.1571146647135436,,-0.1571146647135436,-0.1571146647135436,0.0,1.0
google_gemma-3-4b-pt,full_mixed_2,C(valence)[T.-val]:C(profession)[T.ceo],1,-0.0335123697916687,,-0.0335123697916687,-0.0335123697916687,0.0,1.0
google_gemma-3-4b-pt,full_mixed_2,C(valence)[T.-val]:C(profession)[T.cleaner],1,-0.0712829589843772,,-0.0712829589843772,-0.0712829589843772,0.0,1.0
google_gemma-3-4b-pt,full_mixed_2,C(valence)[T.-val]:C(profession)[T.cook],1,-0.0050659179687521,,-0.0050659179687521,-0.0050659179687521,0.0,1.0
google_gemma-3-4b-pt,full_mixed_2,C(valence)[T.-val]:C(profession)[T.designer],1,0.0079549153645812,,0.0079549153645812,0.0079549153645812,1.0,0.0
google_gemma-3-4b-pt,full_mixed_2,C(valence)[T.-val]:C(profession)[T.driver],1,0.0982910156249979,,0.0982910156249979,0.0982910156249979,1.0,0.0
google_gemma-3-4b-pt,full_mixed_2,C(valence)[T.-val]:C(profession)[T.lawyer],1,0.0957356770833312,,0.0957356770833312,0.0957356770833312,1.0,0.0
google_gemma-3-4b-pt,full_mixed_2,C(valence)[T.-val]:C(profession)[T.manager],1,-0.1305379231770856,,-0.1305379231770856,-0.1305379231770856,0.0,1.0
google_gemma-3-4b-pt,full_mixed_2,C(valence)[T.-val]:C(profession)[T.receptionist],1,-0.0769327799479188,,-0.0769327799479188,-0.0769327799479188,0.0,1.0
google_gemma-3-4b-pt,full_mixed_2,C(valence)[T.-val]:C(profession)[T.salesperson],1,-0.0078938802083354,,-0.0078938802083354,-0.0078938802083354,0.0,1.0
google_gemma-3-4b-pt,full_mixed_2,C(valence)[T.-val]:C(profession)[T.secretary],1,-0.0205139160156268,,-0.0205139160156268,-0.0205139160156268,0.0,1.0
google_gemma-3-4b-pt,full_mixed_2,C(valence)[T.-val]:C(profession)[T.teacher],1,0.0039571126302058,,0.0039571126302058,0.0039571126302058,1.0,0.0
google_gemma-3-4b-pt,full_mixed_2,Intercept,1,1.788231404622023,,1.788231404622023,1.788231404622023,1.0,0.0
google_gemma-3-4b-pt,no_dominance,C(semantic_role)[T.patient],1,-0.1021161760599907,,-0.1021161760599907,-0.1021161760599907,0.0,1.0
google_gemma-3-4b-pt,no_dominance,C(syntactic_role)[T.subject],1,-0.4436721075150601,,-0.4436721075150601,-0.4436721075150601,0.0,1.0
google_gemma-3-4b-pt,no_dominance,C(syntactic_role)[T.subject]:C(semantic_role)[T.patient],1,-0.0285894484747012,,-0.0285894484747012,-0.0285894484747012,0.0,1.0
google_gemma-3-4b-pt,no_dominance,C(syntactic_role)[T.subject]:C(valence)[T.-val],1,-0.0926757812499995,,-0.0926757812499995,-0.0926757812499995,0.0,1.0
google_gemma-3-4b-pt,no_dominance,C(tense)[T.past perfect],1,-0.0391758510044653,,-0.0391758510044653,-0.0391758510044653,0.0,1.0
google_gemma-3-4b-pt,no_dominance,C(tense)[T.past perfect]:C(semantic_role)[T.patient],1,0.0446245465959806,,0.0446245465959806,0.0446245465959806,1.0,0.0
google_gemma-3-4b-pt,no_dominance,C(tense)[T.past perfect]:C(syntactic_role)[T.subject],1,0.0338160923549124,,0.0338160923549124,0.0338160923549124,1.0,0.0
google_gemma-3-4b-pt,no_dominance,C(tense)[T.past perfect]:C(valence)[T.-val],1,0.017144775390626,,0.017144775390626,0.017144775390626,1.0,0.0
google_gemma-3-4b-pt,no_dominance,C(tense)[T.present continuous],1,-0.1402701241629466,,-0.1402701241629466,-0.1402701241629466,0.0,1.0
google_gemma-3-4b-pt,no_dominance,C(tense)[T.present continuous]:C(semantic_role)[T.patient],1,-0.0036315917968771,,-0.0036315917968771,-0.0036315917968771,0.0,1.0
google_gemma-3-4b-pt,no_dominance,C(tense)[T.present continuous]:C(syntactic_role)[T.subject],1,0.1352042061941978,,0.1352042061941978,0.1352042061941978,1.0,0.0
google_gemma-3-4b-pt,no_dominance,C(tense)[T.present continuous]:C(valence)[T.-val],1,-0.06981462751116,,-0.06981462751116,-0.06981462751116,0.0,1.0
google_gemma-3-4b-pt,no_dominance,C(tense)[T.present perfect],1,-0.1462794712611612,,-0.1462794712611612,-0.1462794712611612,0.0,1.0
google_gemma-3-4b-pt,no_dominance,C(tense)[T.present perfect]:C(semantic_role)[T.patient],1,0.0448965890066944,,0.0448965890066944,0.0448965890066944,1.0,0.0
google_gemma-3-4b-pt,no_dominance,C(tense)[T.present perfect]:C(syntactic_role)[T.subject],1,0.1449541364397337,,0.1449541364397337,0.1449541364397337,1.0,0.0
google_gemma-3-4b-pt,no_dominance,C(tense)[T.present perfect]:C(valence)[T.-val],1,0.0402317592075901,,0.0402317592075901,0.0402317592075901,1.0,0.0
google_gemma-3-4b-pt,no_dominance,C(tense)[T.simple future],1,0.1884774344308021,,0.1884774344308021,0.1884774344308021,1.0,0.0
google_gemma-3-4b-pt,no_dominance,C(tense)[T.simple future]:C(semantic_role)[T.patient],1,0.0229875837053557,,0.0229875837053557,0.0229875837053557,1.0,0.0
google_gemma-3-4b-pt,no_dominance,C(tense)[T.simple future]:C(syntactic_role)[T.subject],1,0.2077514648437518,,0.2077514648437518,0.2077514648437518,1.0,0.0
google_gemma-3-4b-pt,no_dominance,C(tense)[T.simple future]:C(valence)[T.-val],1,0.0269112723214299,,0.0269112723214299,0.0269112723214299,1.0,0.0
google_gemma-3-4b-pt,no_dominance,C(tense)[T.simple past],1,-0.1450352260044651,,-0.1450352260044651,-0.1450352260044651,0.0,1.0
google_gemma-3-4b-pt,no_dominance,C(tense)[T.simple past]:C(semantic_role)[T.patient],1,0.0022521972656232,,0.0022521972656232,0.0022521972656232,1.0,0.0
google_gemma-3-4b-pt,no_dominance,C(tense)[T.simple past]:C(syntactic_role)[T.subject],1,0.1052812848772338,,0.1052812848772338,0.1052812848772338,1.0,0.0
google_gemma-3-4b-pt,no_dominance,C(tense)[T.simple past]:C(valence)[T.-val],1,0.1079825265066973,,0.1079825265066973,0.1079825265066973,1.0,0.0
google_gemma-3-4b-pt,no_dominance,C(valence)[T.-val],1,0.0492925734747005,,0.0492925734747005,0.0492925734747005,1.0,0.0
google_gemma-3-4b-pt,no_dominance,C(valence)[T.-val]:C(semantic_role)[T.patient],1,0.0385573614211315,,0.0385573614211315,0.0385573614211315,1.0,0.0
google_gemma-3-4b-pt,no_dominance,Intercept,1,1.1868591308649266,,1.1868591308649266,1.1868591308649266,1.0,0.0
google_gemma-3-4b-pt,no_profession,C(dominance)[T.-dom],1,0.2068984258742664,,0.2068984258742664,0.2068984258742664,1.0,0.0
google_gemma-3-4b-pt,no_profession,C(dominance)[T.-dom]:C(syntactic_role)[T.subject],1,-0.0155389694940496,,-0.0155389694940496,-0.0155389694940496,0.0,1.0
google_gemma-3-4b-pt,no_profession,C(syntactic_role)[T.subject],1,-0.4501973470052067,,-0.4501973470052067,-0.4501973470052067,0.0,1.0
google_gemma-3-4b-pt,no_profession,C(tense)[T.past perfect],1,-0.0010855538504446,,-0.0010855538504446,-0.0010855538504446,0.0,1.0
google_gemma-3-4b-pt,no_profession,C(tense)[T.past perfect]:C(dominance)[T.-dom],1,-0.0315560477120542,,-0.0315560477120542,-0.0315560477120542,0.0,1.0
google_gemma-3-4b-pt,no_profession,C(tense)[T.past perfect]:C(syntactic_role)[T.subject],1,0.0338160923549074,,0.0338160923549074,0.0338160923549074,1.0,0.0
google_gemma-3-4b-pt,no_profession,C(tense)[T.past perfect]:C(valence)[T.-val],1,0.0171447753906252,,0.0171447753906252,0.0171447753906252,1.0,0.0
google_gemma-3-4b-pt,no_profession,C(tense)[T.present continuous],1,-0.1005876813616033,,-0.1005876813616033,-0.1005876813616033,0.0,1.0
google_gemma-3-4b-pt,no_profession,C(tense)[T.present continuous]:C(dominance)[T.-dom],1,-0.0829964773995554,,-0.0829964773995554,-0.0829964773995554,0.0,1.0
google_gemma-3-4b-pt,no_profession,C(tense)[T.present continuous]:C(syntactic_role)[T.subject],1,0.1352042061941933,,0.1352042061941933,0.1352042061941933,1.0,0.0
google_gemma-3-4b-pt,no_profession,C(tense)[T.present continuous]:C(valence)[T.-val],1,-0.0698146275111621,,-0.0698146275111621,-0.0698146275111621,0.0,1.0
google_gemma-3-4b-pt,no_profession,C(tense)[T.present perfect],1,-0.1202192034040194,,-0.1202192034040194,-0.1202192034040194,0.0,1.0
google_gemma-3-4b-pt,no_profession,C(tense)[T.present perfect]:C(dominance)[T.-dom],1,-0.0072239467075883,,-0.0072239467075883,-0.0072239467075883,0.0,1.0
google_gemma-3-4b-pt,no_profession,C(tense)[T.present perfect]:C(syntactic_role)[T.subject],1,0.1449541364397316,,0.1449541364397316,0.1449541364397316,1.0,0.0
google_gemma-3-4b-pt,no_profession,C(tense)[T.present perfect]:C(valence)[T.-val],1,0.0402317592075908,,0.0402317592075908,0.0402317592075908,1.0,0.0
google_gemma-3-4b-pt,no_profession,C(tense)[T.simple future],1,0.2559631347656217,,0.2559631347656217,0.2559631347656217,1.0,0.0
google_gemma-3-4b-pt,no_profession,C(tense)[T.simple future]:C(dominance)[T.-dom],1,-0.1119838169642834,,-0.1119838169642834,-0.1119838169642834,0.0,1.0
google_gemma-3-4b-pt,no_profession,C(tense)[T.simple future]:C(syntactic_role)[T.subject],1,0.2077514648437497,,0.2077514648437497,0.2077514648437497,1.0,0.0
google_gemma-3-4b-pt,no_profession,C(tense)[T.simple future]:C(valence)[T.-val],1,0.0269112723214312,,0.0269112723214312,0.0269112723214312,1.0,0.0
google_gemma-3-4b-pt,no_profession,C(tense)[T.simple past],1,-0.1437282017299111,,-0.1437282017299111,-0.1437282017299111,0.0,1.0
google_gemma-3-4b-pt,no_profession,C(tense)[T.simple past]:C(dominance)[T.-dom],1,-0.0003618512834809,,-0.0003618512834809,-0.0003618512834809,0.0,1.0
google_gemma-3-4b-pt,no_profession,C(tense)[T.simple past]:C(syntactic_role)[T.subject],1,0.1052812848772282,,0.1052812848772282,0.1052812848772282,1.0,0.0
google_gemma-3-4b-pt,no_profession,C(tense)[T.simple past]:C(valence)[T.-val],1,0.1079825265066982,,0.1079825265066982,0.1079825265066982,1.0,0.0
google_gemma-3-4b-pt,no_profession,C(valence)[T.-val],1,0.1693664550781338,,0.1693664550781338,0.1693664550781338,1.0,0.0
google_gemma-3-4b-pt,no_profession,C(valence)[T.-val]:C(dominance)[T.-dom],1,-0.2015904017857246,,-0.2015904017857246,-0.2015904017857246,0.0,1.0
google_gemma-3-4b-pt,no_profession,C(valence)[T.-val]:C(syntactic_role)[T.subject],1,-0.0926757812499999,,-0.0926757812499999,-0.0926757812499999,0.0,1.0
google_gemma-3-4b-pt,no_profession,Intercept,1,1.0323518298921064,,1.0323518298921064,1.0323518298921064,1.0,0.0
google_gemma-3-4b-pt,no_semantic_role,C(dominance)[T.-dom],1,0.2068984258742529,,0.2068984258742529,0.2068984258742529,1.0,0.0
google_gemma-3-4b-pt,no_semantic_role,C(syntactic_role)[T.subject],1,-0.4501973470046986,,-0.4501973470046986,-0.4501973470046986,0.0,1.0
google_gemma-3-4b-pt,no_semantic_role,C(syntactic_role)[T.subject]:C(dominance)[T.-dom],1,-0.0155389694940476,,-0.0155389694940476,-0.0155389694940476,0.0,1.0
google_gemma-3-4b-pt,no_semantic_role,C(syntactic_role)[T.subject]:C(valence)[T.-val],1,-0.0926757812499995,,-0.0926757812499995,-0.0926757812499995,0.0,1.0
google_gemma-3-4b-pt,no_semantic_role,C(tense)[T.past perfect],1,-0.0010855538504524,,-0.0010855538504524,-0.0010855538504524,0.0,1.0
google_gemma-3-4b-pt,no_semantic_role,C(tense)[T.past perfect]:C(dominance)[T.-dom],1,-0.0315560477120501,,-0.0315560477120501,-0.0315560477120501,0.0,1.0
google_gemma-3-4b-pt,no_semantic_role,C(tense)[T.past perfect]:C(syntactic_role)[T.subject],1,0.0338160923549115,,0.0338160923549115,0.0338160923549115,1.0,0.0
google_gemma-3-4b-pt,no_semantic_role,C(tense)[T.past perfect]:C(valence)[T.-val],1,0.0171447753906293,,0.0171447753906293,0.0171447753906293,1.0,0.0
google_gemma-3-4b-pt,no_semantic_role,C(tense)[T.present continuous],1,-0.100587681361613,,-0.100587681361613,-0.100587681361613,0.0,1.0
google_gemma-3-4b-pt,no_semantic_role,C(tense)[T.present continuous]:C(dominance)[T.-dom],1,-0.08299647739955,,-0.08299647739955,-0.08299647739955,0.0,1.0
google_gemma-3-4b-pt,no_semantic_role,C(tense)[T.present continuous]:C(syntactic_role)[T.subject],1,0.1352042061941969,,0.1352042061941969,0.1352042061941969,1.0,0.0
google_gemma-3-4b-pt,no_semantic_role,C(tense)[T.present continuous]:C(valence)[T.-val],1,-0.0698146275111562,,-0.0698146275111562,-0.0698146275111562,0.0,1.0
google_gemma-3-4b-pt,no_semantic_role,C(tense)[T.present perfect],1,-0.1202192034040246,,-0.1202192034040246,-0.1202192034040246,0.0,1.0
google_gemma-3-4b-pt,no_semantic_role,C(tense)[T.present perfect]:C(dominance)[T.-dom],1,-0.0072239467075854,,-0.0072239467075854,-0.0072239467075854,0.0,1.0
google_gemma-3-4b-pt,no_semantic_role,C(tense)[T.present perfect]:C(syntactic_role)[T.subject],1,0.1449541364397333,,0.1449541364397333,0.1449541364397333,1.0,0.0
google_gemma-3-4b-pt,no_semantic_role,C(tense)[T.present perfect]:C(valence)[T.-val],1,0.0402317592075939,,0.0402317592075939,0.0402317592075939,1.0,0.0
google_gemma-3-4b-pt,no_semantic_role,C(tense)[T.simple future],1,0.2559631347656168,,0.2559631347656168,0.2559631347656168,1.0,0.0
google_gemma-3-4b-pt,no_semantic_role,C(tense)[T.simple future]:C(dominance)[T.-dom],1,-0.1119838169642813,,-0.1119838169642813,-0.1119838169642813,0.0,1.0
google_gemma-3-4b-pt,no_semantic_role,C(tense)[T.simple future]:C(syntactic_role)[T.subject],1,0.2077514648437518,,0.2077514648437518,0.2077514648437518,1.0,0.0
google_gemma-3-4b-pt,no_semantic_role,C(tense)[T.simple future]:C(valence)[T.-val],1,0.0269112723214338,,0.0269112723214338,0.0269112723214338,1.0,0.0
google_gemma-3-4b-pt,no_semantic_role,C(tense)[T.simple past],1,-0.1437282017299172,,-0.1437282017299172,-0.1437282017299172,0.0,1.0
google_gemma-3-4b-pt,no_semantic_role,C(tense)[T.simple past]:C(dominance)[T.-dom],1,-0.0003618512834783,,-0.0003618512834783,-0.0003618512834783,0.0,1.0
google_gemma-3-4b-pt,no_semantic_role,C(tense)[T.simple past]:C(syntactic_role)[T.subject],1,0.1052812848772332,,0.1052812848772332,0.1052812848772332,1.0,0.0
google_gemma-3-4b-pt,no_semantic_role,C(tense)[T.simple past]:C(valence)[T.-val],1,0.1079825265067011,,0.1079825265067011,0.1079825265067011,1.0,0.0
google_gemma-3-4b-pt,no_semantic_role,C(valence)[T.-val],1,0.1693664550781209,,0.1693664550781209,0.1693664550781209,1.0,0.0
google_gemma-3-4b-pt,no_semantic_role,C(valence)[T.-val]:C(dominance)[T.-dom],1,-0.2015904017857145,,-0.2015904017857145,-0.2015904017857145,0.0,1.0
google_gemma-3-4b-pt,no_semantic_role,Intercept,1,1.0323518298754308,,1.0323518298754308,1.0323518298754308,1.0,0.0
google_gemma-3-4b-pt,no_syntactic_role,C(dominance)[T.-dom],1,0.1810169038318415,,0.1810169038318415,0.1810169038318415,1.0,0.0
google_gemma-3-4b-pt,no_syntactic_role,C(dominance)[T.-dom]:C(semantic_role)[T.patient],1,0.0362240745907745,,0.0362240745907745,0.0362240745907745,1.0,0.0
google_gemma-3-4b-pt,no_syntactic_role,C(semantic_role)[T.patient],1,-0.1345229375927909,,-0.1345229375927909,-0.1345229375927909,0.0,1.0
google_gemma-3-4b-pt,no_syntactic_role,C(tense)[T.past perfect],1,-0.006489780970985,,-0.006489780970985,-0.006489780970985,0.0,1.0
google_gemma-3-4b-pt,no_syntactic_role,C(tense)[T.past perfect]:C(dominance)[T.-dom],1,-0.0315560477120503,,-0.0315560477120503,-0.0315560477120503,0.0,1.0
google_gemma-3-4b-pt,no_syntactic_role,C(tense)[T.past perfect]:C(semantic_role)[T.patient],1,0.0446245465959828,,0.0446245465959828,0.0446245465959828,1.0,0.0
google_gemma-3-4b-pt,no_syntactic_role,C(tense)[T.past perfect]:C(valence)[T.-val],1,0.0171447753906264,,0.0171447753906264,0.0171447753906264,1.0,0.0
google_gemma-3-4b-pt,no_syntactic_role,C(tense)[T.present continuous],1,-0.0311697823660749,,-0.0311697823660749,-0.0311697823660749,0.0,1.0
google_gemma-3-4b-pt,no_syntactic_role,C(tense)[T.present continuous]:C(dominance)[T.-dom],1,-0.08299647739955,,-0.08299647739955,-0.08299647739955,0.0,1.0
google_gemma-3-4b-pt,no_syntactic_role,C(tense)[T.present continuous]:C(semantic_role)[T.patient],1,-0.0036315917968741,,-0.0036315917968741,-0.0036315917968741,0.0,1.0
google_gemma-3-4b-pt,no_syntactic_role,C(tense)[T.present continuous]:C(valence)[T.-val],1,-0.069814627511159,,-0.069814627511159,-0.069814627511159,0.0,1.0
google_gemma-3-4b-pt,no_syntactic_role,C(tense)[T.present perfect],1,-0.070190429687503,,-0.070190429687503,-0.070190429687503,0.0,1.0
google_gemma-3-4b-pt,no_syntactic_role,C(tense)[T.present perfect]:C(dominance)[T.-dom],1,-0.007223946707586,,-0.007223946707586,-0.007223946707586,0.0,1.0
google_gemma-3-4b-pt,no_syntactic_role,C(tense)[T.present perfect]:C(semantic_role)[T.patient],1,0.0448965890066972,,0.0448965890066972,0.0448965890066972,1.0,0.0
google_gemma-3-4b-pt,no_syntactic_role,C(tense)[T.present perfect]:C(valence)[T.-val],1,0.0402317592075907,,0.0402317592075907,0.0402317592075907,1.0,0.0
google_gemma-3-4b-pt,no_syntactic_role,C(tense)[T.simple future],1,0.3483450753348182,,0.3483450753348182,0.3483450753348182,1.0,0.0
google_gemma-3-4b-pt,no_syntactic_role,C(tense)[T.simple future]:C(dominance)[T.-dom],1,-0.1119838169642824,,-0.1119838169642824,-0.1119838169642824,0.0,1.0
google_gemma-3-4b-pt,no_syntactic_role,C(tense)[T.simple future]:C(semantic_role)[T.patient],1,0.022987583705358,,0.022987583705358,0.022987583705358,1.0,0.0
google_gemma-3-4b-pt,no_syntactic_role,C(tense)[T.simple future]:C(valence)[T.-val],1,0.0269112723214301,,0.0269112723214301,0.0269112723214301,1.0,0.0
google_gemma-3-4b-pt,no_syntactic_role,C(tense)[T.simple past],1,-0.09221365792411,,-0.09221365792411,-0.09221365792411,0.0,1.0
google_gemma-3-4b-pt,no_syntactic_role,C(tense)[T.simple past]:C(dominance)[T.-dom],1,-0.000361851283479,,-0.000361851283479,-0.000361851283479,0.0,1.0
google_gemma-3-4b-pt,no_syntactic_role,C(tense)[T.simple past]:C(semantic_role)[T.patient],1,0.0022521972656257,,0.0022521972656257,0.0022521972656257,1.0,0.0
google_gemma-3-4b-pt,no_syntactic_role,C(tense)[T.simple past]:C(valence)[T.-val],1,0.1079825265066977,,0.1079825265066977,0.1079825265066977,1.0,0.0
google_gemma-3-4b-pt,no_syntactic_role,C(valence)[T.-val],1,0.1037498837425576,,0.1037498837425576,0.1037498837425576,1.0,0.0
google_gemma-3-4b-pt,no_syntactic_role,C(valence)[T.-val]:C(dominance)[T.-dom],1,-0.2015904017857137,,-0.2015904017857137,-0.2015904017857137,0.0,1.0
google_gemma-3-4b-pt,no_syntactic_role,C(valence)[T.-val]:C(semantic_role)[T.patient],1,0.0385573614211313,,0.0385573614211313,0.0385573614211313,1.0,0.0
google_gemma-3-4b-pt,no_syntactic_role,Intercept,1,0.8745146251893176,,0.8745146251893176,0.8745146251893176,1.0,0.0
google_gemma-3-4b-pt,no_tense,C(dominance)[T.-dom],1,0.1497660319010411,,0.1497660319010411,0.1497660319010411,1.0,0.0
google_gemma-3-4b-pt,no_tense,C(dominance)[T.-dom]:C(semantic_role)[T.patient],1,0.0362240745907741,,0.0362240745907741,0.0362240745907741,1.0,0.0
google_gemma-3-4b-pt,no_tense,C(semantic_role)[T.patient],1,-0.1017066592263807,,-0.1017066592263807,-0.1017066592263807,0.0,1.0
google_gemma-3-4b-pt,no_tense,C(syntactic_role)[T.subject],1,-0.3314014253161111,,-0.3314014253161111,-0.3314014253161111,0.0,1.0
google_gemma-3-4b-pt,no_tense,C(syntactic_role)[T.subject]:C(dominance)[T.-dom],1,-0.0155389694940472,,-0.0155389694940472,-0.0155389694940472,0.0,1.0
google_gemma-3-4b-pt,no_tense,C(syntactic_role)[T.subject]:C(semantic_role)[T.patient],1,-0.0285894484747021,,-0.0285894484747021,-0.0285894484747021,0.0,1.0
google_gemma-3-4b-pt,no_tense,C(syntactic_role)[T.subject]:C(valence)[T.-val],1,-0.0926757812499996,,-0.0926757812499996,-0.0926757812499996,0.0,1.0
google_gemma-3-4b-pt,no_tense,C(valence)[T.-val],1,0.1704970586867556,,0.1704970586867556,0.1704970586867556,1.0,0.0
google_gemma-3-4b-pt,no_tense,C(valence)[T.-val]:C(dominance)[T.-dom],1,-0.2015904017857143,,-0.2015904017857143,-0.2015904017857143,0.0,1.0
google_gemma-3-4b-pt,no_tense,C(valence)[T.-val]:C(semantic_role)[T.patient],1,0.0385573614211312,,0.0385573614211312,0.0385573614211312,1.0,0.0
google_gemma-3-4b-pt,no_tense,Intercept,1,1.0649289085714058,,1.0649289085714058,1.0649289085714058,1.0,0.0
google_gemma-3-4b-pt,no_valence,C(dominance)[T.-dom],1,0.0879911876860162,,0.0879911876860162,0.0879911876860162,1.0,0.0
google_gemma-3-4b-pt,no_valence,C(dominance)[T.-dom]:C(semantic_role)[T.patient],1,0.0362240745907722,,0.0362240745907722,0.0362240745907722,1.0,0.0
google_gemma-3-4b-pt,no_valence,C(semantic_role)[T.patient],1,-0.1009495326452117,,-0.1009495326452117,-0.1009495326452117,0.0,1.0
google_gemma-3-4b-pt,no_valence,C(syntactic_role)[T.subject],1,-0.4822405133927622,,-0.4822405133927622,-0.4822405133927622,0.0,1.0
google_gemma-3-4b-pt,no_valence,C(syntactic_role)[T.subject]:C(dominance)[T.-dom],1,-0.0155389694940489,,-0.0155389694940489,-0.0155389694940489,0.0,1.0
google_gemma-3-4b-pt,no_valence,C(syntactic_role)[T.subject]:C(semantic_role)[T.patient],1,-0.0285894484747038,,-0.0285894484747038,-0.0285894484747038,0.0,1.0
google_gemma-3-4b-pt,no_valence,C(tense)[T.past perfect],1,-0.0148254394531213,,-0.0148254394531213,-0.0148254394531213,0.0,1.0
google_gemma-3-4b-pt,no_valence,C(tense)[T.past perfect]:C(dominance)[T.-dom],1,-0.0315560477120564,,-0.0315560477120564,-0.0315560477120564,0.0,1.0
google_gemma-3-4b-pt,no_valence,C(tense)[T.past perfect]:C(semantic_role)[T.patient],1,0.0446245465959798,,0.0446245465959798,0.0446245465959798,1.0,0.0
google_gemma-3-4b-pt,no_valence,C(tense)[T.past perfect]:C(syntactic_role)[T.subject],1,0.033816092354909,,0.033816092354909,0.033816092354909,1.0,0.0
google_gemma-3-4b-pt,no_valence,C(tense)[T.present continuous],1,-0.1336791992187462,,-0.1336791992187462,-0.1336791992187462,0.0,1.0
google_gemma-3-4b-pt,no_valence,C(tense)[T.present continuous]:C(dominance)[T.-dom],1,-0.0829964773995565,,-0.0829964773995565,-0.0829964773995565,0.0,1.0
google_gemma-3-4b-pt,no_valence,C(tense)[T.present continuous]:C(semantic_role)[T.patient],1,-0.0036315917968773,,-0.0036315917968773,-0.0036315917968773,0.0,1.0
google_gemma-3-4b-pt,no_valence,C(tense)[T.present continuous]:C(syntactic_role)[T.subject],1,0.1352042061941948,,0.1352042061941948,0.1352042061941948,1.0,0.0
google_gemma-3-4b-pt,no_valence,C(tense)[T.present perfect],1,-0.1225516183035679,,-0.1225516183035679,-0.1225516183035679,0.0,1.0
google_gemma-3-4b-pt,no_valence,C(tense)[T.present perfect]:C(dominance)[T.-dom],1,-0.007223946707592,,-0.007223946707592,-0.007223946707592,0.0,1.0
google_gemma-3-4b-pt,no_valence,C(tense)[T.present perfect]:C(semantic_role)[T.patient],1,0.0448965890066941,,0.0448965890066941,0.0448965890066941,1.0,0.0
google_gemma-3-4b-pt,no_valence,C(tense)[T.present perfect]:C(syntactic_role)[T.subject],1,0.1449541364397305,,0.1449541364397305,0.1449541364397305,1.0,0.0
google_gemma-3-4b-pt,no_valence,C(tense)[T.simple future],1,0.2579249790736656,,0.2579249790736656,0.2579249790736656,1.0,0.0
google_gemma-3-4b-pt,no_valence,C(tense)[T.simple future]:C(dominance)[T.-dom],1,-0.1119838169642893,,-0.1119838169642893,-0.1119838169642893,0.0,1.0
google_gemma-3-4b-pt,no_valence,C(tense)[T.simple future]:C(semantic_role)[T.patient],1,0.0229875837053537,,0.0229875837053537,0.0229875837053537,1.0,0.0
google_gemma-3-4b-pt,no_valence,C(tense)[T.simple future]:C(syntactic_role)[T.subject],1,0.2077514648437481,,0.2077514648437481,0.2077514648437481,1.0,0.0
google_gemma-3-4b-pt,no_valence,C(tense)[T.simple past],1,-0.0908630371093715,,-0.0908630371093715,-0.0908630371093715,0.0,1.0
google_gemma-3-4b-pt,no_valence,C(tense)[T.simple past]:C(dominance)[T.-dom],1,-0.0003618512834848,,-0.0003618512834848,-0.0003618512834848,0.0,1.0
google_gemma-3-4b-pt,no_valence,C(tense)[T.simple past]:C(semantic_role)[T.patient],1,0.0022521972656228,,0.0022521972656228,0.0022521972656228,1.0,0.0
google_gemma-3-4b-pt,no_valence,C(tense)[T.simple past]:C(syntactic_role)[T.subject],1,0.1052812848772304,,0.1052812848772304,0.1052812848772304,1.0,0.0
google_gemma-3-4b-pt,no_valence,Intercept,1,1.167509823751114,,1.167509823751114,1.167509823751114,1.0,0.0
gpt2,full_mixed,C(dominance)[T.-dom],1,0.1021001618683787,,0.1021001618683787,0.1021001618683787,1.0,0.0
gpt2,full_mixed,C(dominance)[T.-dom]:C(semantic_role)[T.patient],1,0.0172871678611995,,0.0172871678611995,0.0172871678611995,1.0,0.0
gpt2,full_mixed,C(semantic_role)[T.patient],1,-0.1461403798753069,,-0.1461403798753069,-0.1461403798753069,0.0,1.0
gpt2,full_mixed,C(syntactic_role)[T.subject],1,-0.0570160036000015,,-0.0570160036000015,-0.0570160036000015,0.0,1.0
gpt2,full_mixed,C(syntactic_role)[T.subject]:C(dominance)[T.-dom],1,0.0124903101047534,,0.0124903101047534,0.0124903101047534,1.0,0.0
gpt2,full_mixed,C(syntactic_role)[T.subject]:C(semantic_role)[T.patient],1,0.0618975440720358,,0.0618975440720358,0.0618975440720358,1.0,0.0
gpt2,full_mixed,C(syntactic_role)[T.subject]:C(valence)[T.-val],1,-0.0306853142294999,,-0.0306853142294999,-0.0306853142294999,0.0,1.0
gpt2,full_mixed,C(tense)[T.past perfect],1,0.0316300207461068,,0.0316300207461068,0.0316300207461068,1.0,0.0
gpt2,full_mixed,C(tense)[T.past perfect]:C(dominance)[T.-dom],1,0.0147183190218401,,0.0147183190218401,0.0147183190218401,1.0,0.0
gpt2,full_mixed,C(tense)[T.past perfect]:C(semantic_role)[T.patient],1,-0.0007275329364342,,-0.0007275329364342,-0.0007275329364342,0.0,1.0
gpt2,full_mixed,C(tense)[T.past perfect]:C(syntactic_role)[T.subject],1,0.1133765704466251,,0.1133765704466251,0.1133765704466251,1.0,0.0
gpt2,full_mixed,C(tense)[T.past perfect]:C(valence)[T.-val],1,-0.0625917597742421,,-0.0625917597742421,-0.0625917597742421,0.0,1.0
gpt2,full_mixed,C(tense)[T.present continuous],1,0.0867263220908546,,0.0867263220908546,0.0867263220908546,1.0,0.0
gpt2,full_mixed,C(tense)[T.present continuous]:C(dominance)[T.-dom],1,-0.0198625288751947,,-0.0198625288751947,-0.0198625288751947,0.0,1.0
gpt2,full_mixed,C(tense)[T.present continuous]:C(semantic_role)[T.patient],1,-0.0120035753766255,,-0.0120035753766255,-0.0120035753766255,0.0,1.0
gpt2,full_mixed,C(tense)[T.present continuous]:C(syntactic_role)[T.subject],1,0.0043182834764596,,0.0043182834764596,0.0043182834764596,1.0,0.0
gpt2,full_mixed,C(tense)[T.present continuous]:C(valence)[T.-val],1,-0.0346015461938794,,-0.0346015461938794,-0.0346015461938794,0.0,1.0
gpt2,full_mixed,C(tense)[T.present perfect],1,-0.1500241738151636,,-0.1500241738151636,-0.1500241738151636,0.0,1.0
gpt2,full_mixed,C(tense)[T.present perfect]:C(dominance)[T.-dom],1,-0.0666819986932994,,-0.0666819986932994,-0.0666819986932994,0.0,1.0
gpt2,full_mixed,C(tense)[T.present perfect]:C(semantic_role)[T.patient],1,0.0246372569439708,,0.0246372569439708,0.0246372569439708,1.0,0.0
gpt2,full_mixed,C(tense)[T.present perfect]:C(syntactic_role)[T.subject],1,0.0915494555050313,,0.0915494555050313,0.0915494555050313,1.0,0.0
gpt2,full_mixed,C(tense)[T.present perfect]:C(valence)[T.-val],1,-0.0668925193674746,,-0.0668925193674746,-0.0668925193674746,0.0,1.0
gpt2,full_mixed,C(tense)[T.simple future],1,0.1323315374562547,,0.1323315374562547,0.1323315374562547,1.0,0.0
gpt2,full_mixed,C(tense)[T.simple future]:C(dominance)[T.-dom],1,0.0319300763627073,,0.0319300763627073,0.0319300763627073,1.0,0.0
gpt2,full_mixed,C(tense)[T.simple future]:C(semantic_role)[T.patient],1,-0.0262387407026836,,-0.0262387407026836,-0.0262387407026836,0.0,1.0
gpt2,full_mixed,C(tense)[T.simple future]:C(syntactic_role)[T.subject],1,-0.0404790080911227,,-0.0404790080911227,-0.0404790080911227,0.0,1.0
gpt2,full_mixed,C(tense)[T.simple future]:C(valence)[T.-val],1,0.0401771001981365,,0.0401771001981365,0.0401771001981365,1.0,0.0
gpt2,full_mixed,C(tense)[T.simple past],1,0.0133541756019039,,0.0133541756019039,0.0133541756019039,1.0,0.0
gpt2,full_mixed,C(tense)[T.simple past]:C(dominance)[T.-dom],1,0.0476189098174351,,0.0476189098174351,0.0476189098174351,1.0,0.0
gpt2,full_mixed,C(tense)[T.simple past]:C(semantic_role)[T.patient],1,0.0390315907467864,,0.0390315907467864,0.0390315907467864,1.0,0.0
gpt2,full_mixed,C(tense)[T.simple past]:C(syntactic_role)[T.subject],1,-0.0568063113941336,,-0.0568063113941336,-0.0568063113941336,0.0,1.0
gpt2,full_mixed,C(tense)[T.simple past]:C(valence)[T.-val],1,-0.0327709341755369,,-0.0327709341755369,-0.0327709341755369,0.0,1.0
gpt2,full_mixed,C(valence)[T.-val],1,0.2181287034795648,,0.2181287034795648,0.2181287034795648,1.0,0.0
gpt2,full_mixed,C(valence)[T.-val]:C(dominance)[T.-dom],1,-0.1870987978085131,,-0.1870987978085131,-0.1870987978085131,0.0,1.0
gpt2,full_mixed,C(valence)[T.-val]:C(semantic_role)[T.patient],1,-0.0108015262941387,,-0.0108015262941387,-0.0108015262941387,0.0,1.0
gpt2,full_mixed,Intercept,1,0.752145675745209,,0.752145675745209,0.752145675745209,1.0,0.0
gpt2,full_mixed_2,C(dominance)[T.-dom],1,0.1379943197711442,,0.1379943197711442,0.1379943197711442,1.0,0.0
gpt2,full_mixed_2,C(dominance)[T.-dom]:C(profession)[T.carpenter],1,0.0535912297666046,,0.0535912297666046,0.0535912297666046,1.0,0.0
gpt2,full_mixed_2,C(dominance)[T.-dom]:C(profession)[T.cashier],1,0.0227024482691654,,0.0227024482691654,0.0227024482691654,1.0,0.0
gpt2,full_mixed_2,C(dominance)[T.-dom]:C(profession)[T.ceo],1,-0.1176039476971129,,-0.1176039476971129,-0.1176039476971129,0.0,1.0
gpt2,full_mixed_2,C(dominance)[T.-dom]:C(profession)[T.cleaner],1,0.0418385102064322,,0.0418385102064322,0.0418385102064322,1.0,0.0
gpt2,full_mixed_2,C(dominance)[T.-dom]:C(profession)[T.cook],1,-0.0173044143205844,,-0.0173044143205844,-0.0173044143205844,0.0,1.0
gpt2,full_mixed_2,C(dominance)[T.-dom]:C(profession)[T.designer],1,-0.0742059155988223,,-0.0742059155988223,-0.0742059155988223,0.0,1.0
gpt2,full_mixed_2,C(dominance)[T.-dom]:C(profession)[T.driver],1,0.0324506250520522,,0.0324506250520522,0.0324506250520522,1.0,0.0
gpt2,full_mixed_2,C(dominance)[T.-dom]:C(profession)[T.lawyer],1,-0.0363095833609526,,-0.0363095833609526,-0.0363095833609526,0.0,1.0
gpt2,full_mixed_2,C(dominance)[T.-dom]:C(profession)[T.manager],1,0.040133618563411,,0.040133618563411,0.040133618563411,1.0,0.0
gpt2,full_mixed_2,C(dominance)[T.-dom]:C(profession)[T.receptionist],1,-0.0833023288209637,,-0.0833023288209637,-0.0833023288209637,0.0,1.0
gpt2,full_mixed_2,C(dominance)[T.-dom]:C(profession)[T.salesperson],1,-0.0165801378743127,,-0.0165801378743127,-0.0165801378743127,0.0,1.0
gpt2,full_mixed_2,C(dominance)[T.-dom]:C(profession)[T.secretary],1,-0.2050293503256421,,-0.2050293503256421,-0.2050293503256421,0.0,1.0
gpt2,full_mixed_2,C(dominance)[T.-dom]:C(profession)[T.teacher],1,-0.0218887894695727,,-0.0218887894695727,-0.0218887894695727,0.0,1.0
gpt2,full_mixed_2,C(profession)[T.carpenter],1,1.4854188932726735,,1.4854188932726735,1.4854188932726735,1.0,0.0
gpt2,full_mixed_2,C(profession)[T.cashier],1,-0.6298830552236928,,-0.6298830552236928,-0.6298830552236928,0.0,1.0
gpt2,full_mixed_2,C(profession)[T.ceo],1,-1.1000709964172797,,-1.1000709964172797,-1.1000709964172797,0.0,1.0
gpt2,full_mixed_2,C(profession)[T.cleaner],1,-0.5029321200970651,,-0.5029321200970651,-0.5029321200970651,0.0,1.0
gpt2,full_mixed_2,C(profession)[T.cook],1,-0.775567515869632,,-0.775567515869632,-0.775567515869632,0.0,1.0
gpt2,full_mixed_2,C(profession)[T.designer],1,-0.4942948950299795,,-0.4942948950299795,-0.4942948950299795,0.0,1.0
gpt2,full_mixed_2,C(profession)[T.driver],1,0.9498997803778032,,0.9498997803778032,0.9498997803778032,1.0,0.0
gpt2,full_mixed_2,C(profession)[T.lawyer],1,-0.0207313498483182,,-0.0207313498483182,-0.0207313498483182,0.0,1.0
gpt2,full_mixed_2,C(profession)[T.manager],1,0.1712564556547948,,0.1712564556547948,0.1712564556547948,1.0,0.0
gpt2,full_mixed_2,C(profession)[T.receptionist],1,-1.84672673979864,,-1.84672673979864,-1.84672673979864,0.0,1.0
gpt2,full_mixed_2,C(profession)[T.salesperson],1,-0.7403040926670784,,-0.7403040926670784,-0.7403040926670784,0.0,1.0
gpt2,full_mixed_2,C(profession)[T.secretary],1,-1.1806338509276193,,-1.1806338509276193,-1.1806338509276193,0.0,1.0
gpt2,full_mixed_2,C(profession)[T.teacher],1,-1.064803091759199,,-1.064803091759199,-1.064803091759199,0.0,1.0
gpt2,full_mixed_2,C(syntactic_role)[T.subject],1,0.0147773078131917,,0.0147773078131917,0.0147773078131917,1.0,0.0
gpt2,full_mixed_2,C(syntactic_role)[T.subject]:C(dominance)[T.-dom],1,0.012490310104753,,0.012490310104753,0.012490310104753,1.0,0.0
gpt2,full_mixed_2,C(syntactic_role)[T.subject]:C(profession)[T.carpenter],1,-0.2300451594094469,,-0.2300451594094469,-0.2300451594094469,0.0,1.0
gpt2,full_mixed_2,C(syntactic_role)[T.subject]:C(profession)[T.cashier],1,-0.0536977089313376,,-0.0536977089313376,-0.0536977089313376,0.0,1.0
gpt2,full_mixed_2,C(syntactic_role)[T.subject]:C(profession)[T.ceo],1,-0.1394454947823185,,-0.1394454947823185,-0.1394454947823185,0.0,1.0
gpt2,full_mixed_2,C(syntactic_role)[T.subject]:C(profession)[T.cleaner],1,-0.2314494996292858,,-0.2314494996292858,-0.2314494996292858,0.0,1.0
gpt2,full_mixed_2,C(syntactic_role)[T.subject]:C(profession)[T.cook],1,-0.1092834108043496,,-0.1092834108043496,-0.1092834108043496,0.0,1.0
gpt2,full_mixed_2,C(syntactic_role)[T.subject]:C(profession)[T.designer],1,0.0786588063773977,,0.0786588063773977,0.0786588063773977,1.0,0.0
gpt2,full_mixed_2,C(syntactic_role)[T.subject]:C(profession)[T.driver],1,0.1092305210729406,,0.1092305210729406,0.1092305210729406,1.0,0.0
gpt2,full_mixed_2,C(syntactic_role)[T.subject]:C(profession)[T.lawyer],1,-0.089042969668908,,-0.089042969668908,-0.089042969668908,0.0,1.0
gpt2,full_mixed_2,C(syntactic_role)[T.subject]:C(profession)[T.manager],1,0.4055024243891208,,0.4055024243891208,0.4055024243891208,1.0,0.0
gpt2,full_mixed_2,C(syntactic_role)[T.subject]:C(profession)[T.receptionist],1,-0.1981039065479642,,-0.1981039065479642,-0.1981039065479642,0.0,1.0
gpt2,full_mixed_2,C(syntactic_role)[T.subject]:C(profession)[T.salesperson],1,0.1739701621700045,,0.1739701621700045,0.1739701621700045,1.0,0.0
gpt2,full_mixed_2,C(syntactic_role)[T.subject]:C(profession)[T.secretary],1,-0.2377304927363522,,-0.2377304927363522,-0.2377304927363522,0.0,1.0
gpt2,full_mixed_2,C(syntactic_role)[T.subject]:C(profession)[T.teacher],1,-0.0503868227882807,,-0.0503868227882807,-0.0503868227882807,0.0,1.0
gpt2,full_mixed_2,C(syntactic_role)[T.subject]:C(valence)[T.-val],1,-0.0306853142295,,-0.0306853142295,-0.0306853142295,0.0,1.0
gpt2,full_mixed_2,C(tense)[T.past perfect],1,0.0019797353280798,,0.0019797353280798,0.0019797353280798,1.0,0.0
gpt2,full_mixed_2,C(tense)[T.past perfect]:C(dominance)[T.-dom],1,0.0147183190218392,,0.0147183190218392,0.0147183190218392,1.0,0.0
gpt2,full_mixed_2,C(tense)[T.past perfect]:C(profession)[T.carpenter],1,0.0051489844918248,,0.0051489844918248,0.0051489844918248,1.0,0.0
gpt2,full_mixed_2,C(tense)[T.past perfect]:C(profession)[T.cashier],1,-0.0438595894724132,,-0.0438595894724132,-0.0438595894724132,0.0,1.0
gpt2,full_mixed_2,C(tense)[T.past perfect]:C(profession)[T.ceo],1,0.1234124865135526,,0.1234124865135526,0.1234124865135526,1.0,0.0
gpt2,full_mixed_2,C(tense)[T.past perfect]:C(profession)[T.cleaner],1,-0.0573991813696923,,-0.0573991813696923,-0.0573991813696923,0.0,1.0
gpt2,full_mixed_2,C(tense)[T.past perfect]:C(profession)[T.cook],1,0.0247740478022023,,0.0247740478022023,0.0247740478022023,1.0,0.0
gpt2,full_mixed_2,C(tense)[T.past perfect]:C(profession)[T.designer],1,0.0945044286549088,,0.0945044286549088,0.0945044286549088,1.0,0.0
gpt2,full_mixed_2,C(tense)[T.past perfect]:C(profession)[T.driver],1,-0.113407909870148,,-0.113407909870148,-0.113407909870148,0.0,1.0
gpt2,full_mixed_2,C(tense)[T.past perfect]:C(profession)[T.lawyer],1,0.0120664507150649,,0.0120664507150649,0.0120664507150649,1.0,0.0
gpt2,full_mixed_2,C(tense)[T.past perfect]:C(profession)[T.manager],1,-0.034773350507021,,-0.034773350507021,-0.034773350507021,0.0,1.0
gpt2,full_mixed_2,C(tense)[T.past perfect]:C(profession)[T.receptionist],1,0.0868404394714156,,0.0868404394714156,0.0868404394714156,1.0,0.0
gpt2,full_mixed_2,C(tense)[T.past perfect]:C(profession)[T.salesperson],1,0.0680841689929365,,0.0680841689929365,0.0680841689929365,1.0,0.0
gpt2,full_mixed_2,C(tense)[T.past perfect]:C(profession)[T.secretary],1,0.2253607600563551,,0.2253607600563551,0.2253607600563551,1.0,0.0
gpt2,full_mixed_2,C(tense)[T.past perfect]:C(profession)[T.teacher],1,0.0192595298183729,,0.0192595298183729,0.0192595298183729,1.0,0.0
gpt2,full_mixed_2,C(tense)[T.past perfect]:C(syntactic_role)[T.subject],1,0.1133765704466248,,0.1133765704466248,0.1133765704466248,1.0,0.0
gpt2,full_mixed_2,C(tense)[T.past perfect]:C(valence)[T.-val],1,-0.0625917597742433,,-0.0625917597742433,-0.0625917597742433,0.0,1.0
gpt2,full_mixed_2,C(tense)[T.present continuous],1,0.1984467879545819,,0.1984467879545819,0.1984467879545819,1.0,0.0
gpt2,full_mixed_2,C(tense)[T.present continuous]:C(dominance)[T.-dom],1,-0.0198625288751963,,-0.0198625288751963,-0.0198625288751963,0.0,1.0
gpt2,full_mixed_2,C(tense)[T.present continuous]:C(profession)[T.carpenter],1,0.0945429839193791,,0.0945429839193791,0.0945429839193791,1.0,0.0
gpt2,full_mixed_2,C(tense)[T.present continuous]:C(profession)[T.cashier],1,-0.1779282622970669,,-0.1779282622970669,-0.1779282622970669,0.0,1.0
gpt2,full_mixed_2,C(tense)[T.present continuous]:C(profession)[T.ceo],1,-0.1797846759844134,,-0.1797846759844134,-0.1797846759844134,0.0,1.0
gpt2,full_mixed_2,C(tense)[T.present continuous]:C(profession)[T.cleaner],1,-0.0790533947758406,,-0.0790533947758406,-0.0790533947758406,0.0,1.0
gpt2,full_mixed_2,C(tense)[T.present continuous]:C(profession)[T.cook],1,-0.1364524978562285,,-0.1364524978562285,-0.1364524978562285,0.0,1.0
gpt2,full_mixed_2,C(tense)[T.present continuous]:C(profession)[T.designer],1,-0.0648299157619508,,-0.0648299157619508,-0.0648299157619508,0.0,1.0
gpt2,full_mixed_2,C(tense)[T.present continuous]:C(profession)[T.driver],1,-0.0107587836682827,,-0.0107587836682827,-0.0107587836682827,0.0,1.0
gpt2,full_mixed_2,C(tense)[T.present continuous]:C(profession)[T.lawyer],1,-0.0734321720898179,,-0.0734321720898179,-0.0734321720898179,0.0,1.0
gpt2,full_mixed_2,C(tense)[T.present continuous]:C(profession)[T.manager],1,-0.0523687273263959,,-0.0523687273263959,-0.0523687273263959,0.0,1.0
gpt2,full_mixed_2,C(tense)[T.present continuous]:C(profession)[T.receptionist],1,-0.421949194930497,,-0.421949194930497,-0.421949194930497,0.0,1.0
gpt2,full_mixed_2,C(tense)[T.present continuous]:C(profession)[T.salesperson],1,-0.002169702760878,,-0.002169702760878,-0.002169702760878,0.0,1.0
gpt2,full_mixed_2,C(tense)[T.present continuous]:C(profession)[T.secretary],1,-0.2541661391529519,,-0.2541661391529519,-0.2541661391529519,0.0,1.0
gpt2,full_mixed_2,C(tense)[T.present continuous]:C(profession)[T.teacher],1,-0.2897610670435854,,-0.2897610670435854,-0.2897610670435854,0.0,1.0
gpt2,full_mixed_2,C(tense)[T.present continuous]:C(syntactic_role)[T.subject],1,0.0043182834764594,,0.0043182834764594,0.0043182834764594,1.0,0.0
gpt2,full_mixed_2,C(tense)[T.present continuous]:C(valence)[T.-val],1,-0.0346015461938811,,-0.0346015461938811,-0.0346015461938811,0.0,1.0
gpt2,full_mixed_2,C(tense)[T.present perfect],1,-0.0447510174837381,,-0.0447510174837381,-0.0447510174837381,0.0,1.0
gpt2,full_mixed_2,C(tense)[T.present perfect]:C(dominance)[T.-dom],1,-0.0666819986933001,,-0.0666819986933001,-0.0666819986933001,0.0,1.0
gpt2,full_mixed_2,C(tense)[T.present perfect]:C(profession)[T.carpenter],1,0.0160639531910458,,0.0160639531910458,0.0160639531910458,1.0,0.0
gpt2,full_mixed_2,C(tense)[T.present perfect]:C(profession)[T.cashier],1,-0.1778807768627262,,-0.1778807768627262,-0.1778807768627262,0.0,1.0
gpt2,full_mixed_2,C(tense)[T.present perfect]:C(profession)[T.ceo],1,-0.1624688433337682,,-0.1624688433337682,-0.1624688433337682,0.0,1.0
gpt2,full_mixed_2,C(tense)[T.present perfect]:C(profession)[T.cleaner],1,-0.1152101659681608,,-0.1152101659681608,-0.1152101659681608,0.0,1.0
gpt2,full_mixed_2,C(tense)[T.present perfect]:C(profession)[T.cook],1,-0.1976106108340858,,-0.1976106108340858,-0.1976106108340858,0.0,1.0
gpt2,full_mixed_2,C(tense)[T.present perfect]:C(profession)[T.designer],1,0.0403112255968191,,0.0403112255968191,0.0403112255968191,1.0,0.0
gpt2,full_mixed_2,C(tense)[T.present perfect]:C(profession)[T.driver],1,-0.0802351124584636,,-0.0802351124584636,-0.0802351124584636,0.0,1.0
gpt2,full_mixed_2,C(tense)[T.present perfect]:C(profession)[T.lawyer],1,-0.0123282480984885,,-0.0123282480984885,-0.0123282480984885,0.0,1.0
gpt2,full_mixed_2,C(tense)[T.present perfect]:C(profession)[T.manager],1,-0.0092876344919163,,-0.0092876344919163,-0.0092876344919163,0.0,1.0
gpt2,full_mixed_2,C(tense)[T.present perfect]:C(profession)[T.receptionist],1,-0.3137754620984159,,-0.3137754620984159,-0.3137754620984159,0.0,1.0
gpt2,full_mixed_2,C(tense)[T.present perfect]:C(profession)[T.salesperson],1,0.0065302709117572,,0.0065302709117572,0.0065302709117572,1.0,0.0
gpt2,full_mixed_2,C(tense)[T.present perfect]:C(profession)[T.secretary],1,-0.0313929848489312,,-0.0313929848489312,-0.0313929848489312,0.0,1.0
gpt2,full_mixed_2,C(tense)[T.present perfect]:C(profession)[T.teacher],1,-0.2640790007368158,,-0.2640790007368158,-0.2640790007368158,0.0,1.0
gpt2,full_mixed_2,C(tense)[T.present perfect]:C(syntactic_role)[T.subject],1,0.0915494555050317,,0.0915494555050317,0.0915494555050317,1.0,0.0
gpt2,full_mixed_2,C(tense)[T.present perfect]:C(valence)[T.-val],1,-0.0668925193674755,,-0.0668925193674755,-0.0668925193674755,0.0,1.0
gpt2,full_mixed_2,C(tense)[T.simple future],1,0.2343480515747998,,0.2343480515747998,0.2343480515747998,1.0,0.0
gpt2,full_mixed_2,C(tense)[T.simple future]:C(dominance)[T.-dom],1,0.0319300763627072,,0.0319300763627072,0.0319300763627072,1.0,0.0
gpt2,full_mixed_2,C(tense)[T.simple future]:C(profession)[T.carpenter],1,0.1626413173973561,,0.1626413173973561,0.1626413173973561,1.0,0.0
gpt2,full_mixed_2,C(tense)[T.simple future]:C(profession)[T.cashier],1,-0.263512823358178,,-0.263512823358178,-0.263512823358178,0.0,1.0
gpt2,full_mixed_2,C(tense)[T.simple future]:C(profession)[T.ceo],1,-0.1204909451858837,,-0.1204909451858837,-0.1204909451858837,0.0,1.0
gpt2,full_mixed_2,C(tense)[T.simple future]:C(profession)[T.cleaner],1,-0.0835165822878478,,-0.0835165822878478,-0.0835165822878478,0.0,1.0
gpt2,full_mixed_2,C(tense)[T.simple future]:C(profession)[T.cook],1,-0.0579657883674369,,-0.0579657883674369,-0.0579657883674369,0.0,1.0
gpt2,full_mixed_2,C(tense)[T.simple future]:C(profession)[T.designer],1,-0.0692725222557783,,-0.0692725222557783,-0.0692725222557783,0.0,1.0
gpt2,full_mixed_2,C(tense)[T.simple future]:C(profession)[T.driver],1,0.0023830242455005,,0.0023830242455005,0.0023830242455005,1.0,0.0
gpt2,full_mixed_2,C(tense)[T.simple future]:C(profession)[T.lawyer],1,-0.0551914222538468,,-0.0551914222538468,-0.0551914222538468,0.0,1.0
gpt2,full_mixed_2,C(tense)[T.simple future]:C(profession)[T.manager],1,0.061200249195099,,0.061200249195099,0.061200249195099,1.0,0.0
gpt2,full_mixed_2,C(tense)[T.simple future]:C(profession)[T.receptionist],1,-0.6239188300445678,,-0.6239188300445678,-0.6239188300445678,0.0,1.0
gpt2,full_mixed_2,C(tense)[T.simple future]:C(profession)[T.salesperson],1,-0.0215053716674444,,-0.0215053716674444,-0.0215053716674444,0.0,1.0
gpt2,full_mixed_2,C(tense)[T.simple future]:C(profession)[T.secretary],1,-0.2303105474100448,,-0.2303105474100448,-0.2303105474100448,0.0,1.0
gpt2,full_mixed_2,C(tense)[T.simple future]:C(profession)[T.teacher],1,-0.3124421405853354,,-0.3124421405853354,-0.3124421405853354,0.0,1.0
gpt2,full_mixed_2,C(tense)[T.simple future]:C(syntactic_role)[T.subject],1,-0.0404790080911227,,-0.0404790080911227,-0.0404790080911227,0.0,1.0
gpt2,full_mixed_2,C(tense)[T.simple future]:C(valence)[T.-val],1,0.0401771001981359,,0.0401771001981359,0.0401771001981359,1.0,0.0
gpt2,full_mixed_2,C(tense)[T.simple past],1,0.0555757108901646,,0.0555757108901646,0.0555757108901646,1.0,0.0
gpt2,full_mixed_2,C(tense)[T.simple past]:C(dominance)[T.-dom],1,0.0476189098174351,,0.0476189098174351,0.0476189098174351,1.0,0.0
gpt2,full_mixed_2,C(tense)[T.simple past]:C(profession)[T.carpenter],1,-0.0450906753540009,,-0.0450906753540009,-0.0450906753540009,0.0,1.0
gpt2,full_mixed_2,C(tense)[T.simple past]:C(profession)[T.cashier],1,-0.0574000427215622,,-0.0574000427215622,-0.0574000427215622,0.0,1.0
gpt2,full_mixed_2,C(tense)[T.simple past]:C(profession)[T.ceo],1,0.0903878150944394,,0.0903878150944394,0.0903878150944394,1.0,0.0
gpt2,full_mixed_2,C(tense)[T.simple past]:C(profession)[T.cleaner],1,0.0022386747063166,,0.0022386747063166,0.0022386747063166,1.0,0.0
gpt2,full_mixed_2,C(tense)[T.simple past]:C(profession)[T.cook],1,-0.0369537502760036,,-0.0369537502760036,-0.0369537502760036,0.0,1.0
gpt2,full_mixed_2,C(tense)[T.simple past]:C(profession)[T.designer],1,0.0479773532599237,,0.0479773532599237,0.0479773532599237,1.0,0.0
gpt2,full_mixed_2,C(tense)[T.simple past]:C(profession)[T.driver],1,-0.0802771732211085,,-0.0802771732211085,-0.0802771732211085,0.0,1.0
gpt2,full_mixed_2,C(tense)[T.simple past]:C(profession)[T.lawyer],1,0.0024569332599669,,0.0024569332599669,0.0024569332599669,1.0,0.0
gpt2,full_mixed_2,C(tense)[T.simple past]:C(profession)[T.manager],1,-0.0854273647069901,,-0.0854273647069901,-0.0854273647069901,0.0,1.0
gpt2,full_mixed_2,C(tense)[T.simple past]:C(profession)[T.receptionist],1,-0.0794491743668887,,-0.0794491743668887,-0.0794491743668887,0.0,1.0
gpt2,full_mixed_2,C(tense)[T.simple past]:C(profession)[T.salesperson],1,-0.0058515343349397,,-0.0058515343349397,-0.0058515343349397,0.0,1.0
gpt2,full_mixed_2,C(tense)[T.simple past]:C(profession)[T.secretary],1,-0.0316292740288162,,-0.0316292740288162,-0.0316292740288162,0.0,1.0
gpt2,full_mixed_2,C(tense)[T.simple past]:C(profession)[T.teacher],1,-0.0388621461184783,,-0.0388621461184783,-0.0388621461184783,0.0,1.0
gpt2,full_mixed_2,C(tense)[T.simple past]:C(syntactic_role)[T.subject],1,-0.0568063113941338,,-0.0568063113941338,-0.0568063113941338,0.0,1.0
gpt2,full_mixed_2,C(tense)[T.simple past]:C(valence)[T.-val],1,-0.0327709341755371,,-0.0327709341755371,-0.0327709341755371,0.0,1.0
gpt2,full_mixed_2,C(valence)[T.-val],1,0.2081844163854012,,0.2081844163854012,0.2081844163854012,1.0,0.0
gpt2,full_mixed_2,C(valence)[T.-val]:C(dominance)[T.-dom],1,-0.1870987978085141,,-0.1870987978085141,-0.1870987978085141,0.0,1.0
gpt2,full_mixed_2,C(valence)[T.-val]:C(profession)[T.carpenter],1,0.0629636553426545,,0.0629636553426545,0.0629636553426545,1.0,0.0
gpt2,full_mixed_2,C(valence)[T.-val]:C(profession)[T.cashier],1,0.0650098779832927,,0.0650098779832927,0.0650098779832927,1.0,0.0
gpt2,full_mixed_2,C(valence)[T.-val]:C(profession)[T.ceo],1,0.0198062781268733,,0.0198062781268733,0.0198062781268733,1.0,0.0
gpt2,full_mixed_2,C(valence)[T.-val]:C(profession)[T.cleaner],1,0.0791359009182354,,0.0791359009182354,0.0791359009182354,1.0,0.0
gpt2,full_mixed_2,C(valence)[T.-val]:C(profession)[T.cook],1,0.0774661683904281,,0.0774661683904281,0.0774661683904281,1.0,0.0
gpt2,full_mixed_2,C(valence)[T.-val]:C(profession)[T.designer],1,-0.1314081813208796,,-0.1314081813208796,-0.1314081813208796,0.0,1.0
gpt2,full_mixed_2,C(valence)[T.-val]:C(profession)[T.driver],1,-0.019882618139191,,-0.019882618139191,-0.019882618139191,0.0,1.0
gpt2,full_mixed_2,C(valence)[T.-val]:C(profession)[T.lawyer],1,-0.0626809282849269,,-0.0626809282849269,-0.0626809282849269,0.0,1.0
gpt2,full_mixed_2,C(valence)[T.-val]:C(profession)[T.manager],1,-0.0641917136808274,,-0.0641917136808274,-0.0641917136808274,0.0,1.0
gpt2,full_mixed_2,C(valence)[T.-val]:C(profession)[T.receptionist],1,0.0775523462255138,,0.0775523462255138,0.0775523462255138,1.0,0.0
gpt2,full_mixed_2,C(valence)[T.-val]:C(profession)[T.salesperson],1,0.0147119553604437,,0.0147119553604437,0.0147119553604437,1.0,0.0
gpt2,full_mixed_2,C(valence)[T.-val]:C(profession)[T.secretary],1,-0.0861468965405983,,-0.0861468965405983,-0.0861468965405983,0.0,1.0
gpt2,full_mixed_2,C(valence)[T.-val]:C(profession)[T.teacher],1,0.0312734908783228,,0.0312734908783228,0.0312734908783228,1.0,0.0
gpt2,full_mixed_2,Intercept,1,1.089744955689178,,1.089744955689178,1.089744955689178,1.0,0.0
gpt2,no_dominance,C(semantic_role)[T.patient],1,-0.1374967959444833,,-0.1374967959444833,-0.1374967959444833,0.0,1.0
gpt2,no_dominance,C(syntactic_role)[T.subject],1,-0.050770848546624,,-0.050770848546624,-0.050770848546624,0.0,1.0
gpt2,no_dominance,C(syntactic_role)[T.subject]:C(semantic_role)[T.patient],1,0.061897544072036,,0.061897544072036,0.061897544072036,1.0,0.0
gpt2,no_dominance,C(syntactic_role)[T.subject]:C(valence)[T.-val],1,-0.0306853142295,,-0.0306853142295,-0.0306853142295,0.0,1.0
gpt2,no_dominance,C(tense)[T.past perfect],1,0.0389891802570279,,0.0389891802570279,0.0389891802570279,1.0,0.0
gpt2,no_dominance,C(tense)[T.past perfect]:C(semantic_role)[T.patient],1,-0.0007275329364347,,-0.0007275329364347,-0.0007275329364347,0.0,1.0
gpt2,no_dominance,C(tense)[T.past perfect]:C(syntactic_role)[T.subject],1,0.1133765704466249,,0.1133765704466249,0.1133765704466249,1.0,0.0
gpt2,no_dominance,C(tense)[T.past perfect]:C(valence)[T.-val],1,-0.0625917597742435,,-0.0625917597742435,-0.0625917597742435,0.0,1.0
gpt2,no_dominance,C(tense)[T.present continuous],1,0.0767950576532584,,0.0767950576532584,0.0767950576532584,1.0,0.0
gpt2,no_dominance,C(tense)[T.present continuous]:C(semantic_role)[T.patient],1,-0.012003575376626,,-0.012003575376626,-0.012003575376626,0.0,1.0
gpt2,no_dominance,C(tense)[T.present continuous]:C(syntactic_role)[T.subject],1,0.0043182834764594,,0.0043182834764594,0.0043182834764594,1.0,0.0
gpt2,no_dominance,C(tense)[T.present continuous]:C(valence)[T.-val],1,-0.0346015461938808,,-0.0346015461938808,-0.0346015461938808,0.0,1.0
gpt2,no_dominance,C(tense)[T.present perfect],1,-0.1833651731618132,,-0.1833651731618132,-0.1833651731618132,0.0,1.0
gpt2,no_dominance,C(tense)[T.present perfect]:C(semantic_role)[T.patient],1,0.0246372569439706,,0.0246372569439706,0.0246372569439706,1.0,0.0
gpt2,no_dominance,C(tense)[T.present perfect]:C(syntactic_role)[T.subject],1,0.091549455505032,,0.091549455505032,0.091549455505032,1.0,0.0
gpt2,no_dominance,C(tense)[T.present perfect]:C(valence)[T.-val],1,-0.0668925193674755,,-0.0668925193674755,-0.0668925193674755,0.0,1.0
gpt2,no_dominance,C(tense)[T.simple future],1,0.1482965756376099,,0.1482965756376099,0.1482965756376099,1.0,0.0
gpt2,no_dominance,C(tense)[T.simple future]:C(semantic_role)[T.patient],1,-0.0262387407026841,,-0.0262387407026841,-0.0262387407026841,0.0,1.0
gpt2,no_dominance,C(tense)[T.simple future]:C(syntactic_role)[T.subject],1,-0.0404790080911233,,-0.0404790080911233,-0.0404790080911233,0.0,1.0
gpt2,no_dominance,C(tense)[T.simple future]:C(valence)[T.-val],1,0.0401771001981349,,0.0401771001981349,0.0401771001981349,1.0,0.0
gpt2,no_dominance,C(tense)[T.simple past],1,0.0371636305106223,,0.0371636305106223,0.0371636305106223,1.0,0.0
gpt2,no_dominance,C(tense)[T.simple past]:C(semantic_role)[T.patient],1,0.0390315907467861,,0.0390315907467861,0.0390315907467861,1.0,0.0
gpt2,no_dominance,C(tense)[T.simple past]:C(syntactic_role)[T.subject],1,-0.0568063113941335,,-0.0568063113941335,-0.0568063113941335,0.0,1.0
gpt2,no_dominance,C(tense)[T.simple past]:C(valence)[T.-val],1,-0.032770934175538,,-0.032770934175538,-0.032770934175538,0.0,1.0
gpt2,no_dominance,C(valence)[T.-val],1,0.1245793045753093,,0.1245793045753093,0.1245793045753093,1.0,0.0
gpt2,no_dominance,C(valence)[T.-val]:C(semantic_role)[T.patient],1,-0.0108015262941385,,-0.0108015262941385,-0.0108015262941385,0.0,1.0
gpt2,no_dominance,Intercept,1,0.8031957566946044,,0.8031957566946044,0.8031957566946044,1.0,0.0
gpt2,no_profession,C(dominance)[T.-dom],1,0.1107437457989821,,0.1107437457989821,0.1107437457989821,1.0,0.0
gpt2,no_profession,C(dominance)[T.-dom]:C(syntactic_role)[T.subject],1,0.012490310104753,,0.012490310104753,0.012490310104753,1.0,0.0
gpt2,no_profession,C(syntactic_role)[T.subject],1,-0.0260672315638912,,-0.0260672315638912,-0.0260672315638912,0.0,1.0
gpt2,no_profession,C(tense)[T.past perfect],1,0.0312662542778945,,0.0312662542778945,0.0312662542778945,1.0,0.0
gpt2,no_profession,C(tense)[T.past perfect]:C(dominance)[T.-dom],1,0.0147183190218375,,0.0147183190218375,0.0147183190218375,1.0,0.0
gpt2,no_profession,C(tense)[T.past perfect]:C(syntactic_role)[T.subject],1,0.1133765704466235,,0.1133765704466235,0.1133765704466235,1.0,0.0
gpt2,no_profession,C(tense)[T.past perfect]:C(valence)[T.-val],1,-0.0625917597742457,,-0.0625917597742457,-0.0625917597742457,0.0,1.0
gpt2,no_profession,C(tense)[T.present continuous],1,0.0807245344025455,,0.0807245344025455,0.0807245344025455,1.0,0.0
gpt2,no_profession,C(tense)[T.present continuous]:C(dominance)[T.-dom],1,-0.0198625288751963,,-0.0198625288751963,-0.0198625288751963,0.0,1.0
gpt2,no_profession,C(tense)[T.present continuous]:C(syntactic_role)[T.subject],1,0.0043182834764581,,0.0043182834764581,0.0043182834764581,1.0,0.0
gpt2,no_profession,C(tense)[T.present continuous]:C(valence)[T.-val],1,-0.034601546193882,,-0.034601546193882,-0.034601546193882,0.0,1.0
gpt2,no_profession,C(tense)[T.present perfect],1,-0.1377055453431761,,-0.1377055453431761,-0.1377055453431761,0.0,1.0
gpt2,no_profession,C(tense)[T.present perfect]:C(dominance)[T.-dom],1,-0.066681998693301,,-0.066681998693301,-0.066681998693301,0.0,1.0
gpt2,no_profession,C(tense)[T.present perfect]:C(syntactic_role)[T.subject],1,0.0915494555050309,,0.0915494555050309,0.0915494555050309,1.0,0.0
gpt2,no_profession,C(tense)[T.present perfect]:C(valence)[T.-val],1,-0.0668925193674768,,-0.0668925193674768,-0.0668925193674768,0.0,1.0
gpt2,no_profession,C(tense)[T.simple future],1,0.1192121671049188,,0.1192121671049188,0.1192121671049188,1.0,0.0
gpt2,no_profession,C(tense)[T.simple future]:C(dominance)[T.-dom],1,0.031930076362704,,0.031930076362704,0.031930076362704,1.0,0.0
gpt2,no_profession,C(tense)[T.simple future]:C(syntactic_role)[T.subject],1,-0.0404790080911239,,-0.0404790080911239,-0.0404790080911239,0.0,1.0
gpt2,no_profession,C(tense)[T.simple future]:C(valence)[T.-val],1,0.040177100198132,,0.040177100198132,0.040177100198132,1.0,0.0
gpt2,no_profession,C(tense)[T.simple past],1,0.0328699709753022,,0.0328699709753022,0.0328699709753022,1.0,0.0
gpt2,no_profession,C(tense)[T.simple past]:C(dominance)[T.-dom],1,0.0476189098174324,,0.0476189098174324,0.0476189098174324,1.0,0.0
gpt2,no_profession,C(tense)[T.simple past]:C(syntactic_role)[T.subject],1,-0.0568063113941345,,-0.0568063113941345,-0.0568063113941345,0.0,1.0
gpt2,no_profession,C(tense)[T.simple past]:C(valence)[T.-val],1,-0.0327709341755406,,-0.0327709341755406,-0.0327709341755406,0.0,1.0
gpt2,no_profession,C(valence)[T.-val],1,0.2127279403325,,0.2127279403325,0.2127279403325,1.0,0.0
gpt2,no_profession,C(valence)[T.-val]:C(dominance)[T.-dom],1,-0.1870987978085143,,-0.1870987978085143,-0.1870987978085143,0.0,1.0
gpt2,no_profession,C(valence)[T.-val]:C(syntactic_role)[T.subject],1,-0.0306853142295004,,-0.0306853142295004,-0.0306853142295004,0.0,1.0
gpt2,no_profession,Intercept,1,0.6790754858092908,,0.6790754858092908,0.6790754858092908,1.0,0.0
gpt2,no_semantic_role,C(dominance)[T.-dom],1,0.1107437457989793,,0.1107437457989793,0.1107437457989793,1.0,0.0
gpt2,no_semantic_role,C(syntactic_role)[T.subject],1,-0.0260672315635109,,-0.0260672315635109,-0.0260672315635109,0.0,1.0
gpt2,no_semantic_role,C(syntactic_role)[T.subject]:C(dominance)[T.-dom],1,0.0124903101047539,,0.0124903101047539,0.0124903101047539,1.0,0.0
gpt2,no_semantic_role,C(syntactic_role)[T.subject]:C(valence)[T.-val],1,-0.0306853142294994,,-0.0306853142294994,-0.0306853142294994,0.0,1.0
gpt2,no_semantic_role,C(tense)[T.past perfect],1,0.0312662542778902,,0.0312662542778902,0.0312662542778902,1.0,0.0
gpt2,no_semantic_role,C(tense)[T.past perfect]:C(dominance)[T.-dom],1,0.0147183190218394,,0.0147183190218394,0.0147183190218394,1.0,0.0
gpt2,no_semantic_role,C(tense)[T.past perfect]:C(syntactic_role)[T.subject],1,0.113376570446626,,0.113376570446626,0.113376570446626,1.0,0.0
gpt2,no_semantic_role,C(tense)[T.past perfect]:C(valence)[T.-val],1,-0.0625917597742435,,-0.0625917597742435,-0.0625917597742435,0.0,1.0
gpt2,no_semantic_role,C(tense)[T.present continuous],1,0.0807245344025418,,0.0807245344025418,0.0807245344025418,1.0,0.0
gpt2,no_semantic_role,C(tense)[T.present continuous]:C(dominance)[T.-dom],1,-0.0198625288751951,,-0.0198625288751951,-0.0198625288751951,0.0,1.0
gpt2,no_semantic_role,C(tense)[T.present continuous]:C(syntactic_role)[T.subject],1,0.0043182834764605,,0.0043182834764605,0.0043182834764605,1.0,0.0
gpt2,no_semantic_role,C(tense)[T.present continuous]:C(valence)[T.-val],1,-0.0346015461938804,,-0.0346015461938804,-0.0346015461938804,0.0,1.0
gpt2,no_semantic_role,C(tense)[T.present perfect],1,-0.1377055453431763,,-0.1377055453431763,-0.1377055453431763,0.0,1.0
gpt2,no_semantic_role,C(tense)[T.present perfect]:C(dominance)[T.-dom],1,-0.0666819986933011,,-0.0666819986933011,-0.0666819986933011,0.0,1.0
gpt2,no_semantic_role,C(tense)[T.present perfect]:C(syntactic_role)[T.subject],1,0.0915494555050319,,0.0915494555050319,0.0915494555050319,1.0,0.0
gpt2,no_semantic_role,C(tense)[T.present perfect]:C(valence)[T.-val],1,-0.0668925193674769,,-0.0668925193674769,-0.0668925193674769,0.0,1.0
gpt2,no_semantic_role,C(tense)[T.simple future],1,0.1192121671049128,,0.1192121671049128,0.1192121671049128,1.0,0.0
gpt2,no_semantic_role,C(tense)[T.simple future]:C(dominance)[T.-dom],1,0.0319300763627071,,0.0319300763627071,0.0319300763627071,1.0,0.0
gpt2,no_semantic_role,C(tense)[T.simple future]:C(syntactic_role)[T.subject],1,-0.0404790080911219,,-0.0404790080911219,-0.0404790080911219,0.0,1.0
gpt2,no_semantic_role,C(tense)[T.simple future]:C(valence)[T.-val],1,0.0401771001981355,,0.0401771001981355,0.0401771001981355,1.0,0.0
gpt2,no_semantic_role,C(tense)[T.simple past],1,0.0328699709752973,,0.0328699709752973,0.0328699709752973,1.0,0.0
gpt2,no_semantic_role,C(tense)[T.simple past]:C(dominance)[T.-dom],1,0.0476189098174345,,0.0476189098174345,0.0476189098174345,1.0,0.0
gpt2,no_semantic_role,C(tense)[T.simple past]:C(syntactic_role)[T.subject],1,-0.0568063113941325,,-0.0568063113941325,-0.0568063113941325,0.0,1.0
gpt2,no_semantic_role,C(tense)[T.simple past]:C(valence)[T.-val],1,-0.032770934175538,,-0.032770934175538,-0.032770934175538,0.0,1.0
gpt2,no_semantic_role,C(valence)[T.-val],1,0.2127279403324969,,0.2127279403324969,0.2127279403324969,1.0,0.0
gpt2,no_semantic_role,C(valence)[T.-val]:C(dominance)[T.-dom],1,-0.1870987978085138,,-0.1870987978085138,-0.1870987978085138,0.0,1.0
gpt2,no_semantic_role,Intercept,1,0.6790754858154224,,0.6790754858154224,0.6790754858154224,1.0,0.0
gpt2,no_syntactic_role,C(dominance)[T.-dom],1,0.1083453169207568,,0.1083453169207568,0.1083453169207568,1.0,0.0
gpt2,no_syntactic_role,C(dominance)[T.-dom]:C(semantic_role)[T.patient],1,0.0172871678611997,,0.0172871678611997,0.0172871678611997,1.0,0.0
gpt2,no_syntactic_role,C(semantic_role)[T.patient],1,-0.1151916078393815,,-0.1151916078393815,-0.1151916078393815,0.0,1.0
gpt2,no_syntactic_role,C(tense)[T.past perfect],1,0.0883183059694221,,0.0883183059694221,0.0883183059694221,1.0,0.0
gpt2,no_syntactic_role,C(tense)[T.past perfect]:C(dominance)[T.-dom],1,0.0147183190218383,,0.0147183190218383,0.0147183190218383,1.0,0.0
gpt2,no_syntactic_role,C(tense)[T.past perfect]:C(semantic_role)[T.patient],1,-0.0007275329364348,,-0.0007275329364348,-0.0007275329364348,0.0,1.0
gpt2,no_syntactic_role,C(tense)[T.past perfect]:C(valence)[T.-val],1,-0.0625917597742442,,-0.0625917597742442,-0.0625917597742442,0.0,1.0
gpt2,no_syntactic_role,C(tense)[T.present continuous],1,0.0888854638290864,,0.0888854638290864,0.0888854638290864,1.0,0.0
gpt2,no_syntactic_role,C(tense)[T.present continuous]:C(dominance)[T.-dom],1,-0.0198625288751962,,-0.0198625288751962,-0.0198625288751962,0.0,1.0
gpt2,no_syntactic_role,C(tense)[T.present continuous]:C(semantic_role)[T.patient],1,-0.0120035753766257,,-0.0120035753766257,-0.0120035753766257,0.0,1.0
gpt2,no_syntactic_role,C(tense)[T.present continuous]:C(valence)[T.-val],1,-0.034601546193881,,-0.034601546193881,-0.034601546193881,0.0,1.0
gpt2,no_syntactic_role,C(tense)[T.present perfect],1,-0.1042494460626444,,-0.1042494460626444,-0.1042494460626444,0.0,1.0
gpt2,no_syntactic_role,C(tense)[T.present perfect]:C(dominance)[T.-dom],1,-0.0666819986933016,,-0.0666819986933016,-0.0666819986933016,0.0,1.0
gpt2,no_syntactic_role,C(tense)[T.present perfect]:C(semantic_role)[T.patient],1,0.0246372569439696,,0.0246372569439696,0.0246372569439696,1.0,0.0
gpt2,no_syntactic_role,C(tense)[T.present perfect]:C(valence)[T.-val],1,-0.0668925193674769,,-0.0668925193674769,-0.0668925193674769,0.0,1.0
gpt2,no_syntactic_role,C(tense)[T.simple future],1,0.112092033410695,,0.112092033410695,0.112092033410695,1.0,0.0
gpt2,no_syntactic_role,C(tense)[T.simple future]:C(dominance)[T.-dom],1,0.0319300763627059,,0.0319300763627059,0.0319300763627059,1.0,0.0
gpt2,no_syntactic_role,C(tense)[T.simple future]:C(semantic_role)[T.patient],1,-0.0262387407026835,,-0.0262387407026835,-0.0262387407026835,0.0,1.0
gpt2,no_syntactic_role,C(tense)[T.simple future]:C(valence)[T.-val],1,0.0401771001981348,,0.0401771001981348,0.0401771001981348,1.0,0.0
gpt2,no_syntactic_role,C(tense)[T.simple past],1,-0.015048980095161,,-0.015048980095161,-0.015048980095161,0.0,1.0
gpt2,no_syntactic_role,C(tense)[T.simple past]:C(dominance)[T.-dom],1,0.0476189098174338,,0.0476189098174338,0.0476189098174338,1.0,0.0
gpt2,no_syntactic_role,C(tense)[T.simple past]:C(semantic_role)[T.patient],1,0.0390315907467861,,0.0390315907467861,0.0390315907467861,1.0,0.0
gpt2,no_syntactic_role,C(tense)[T.simple past]:C(valence)[T.-val],1,-0.0327709341755383,,-0.0327709341755383,-0.0327709341755383,0.0,1.0
gpt2,no_syntactic_role,C(valence)[T.-val],1,0.2027860463648161,,0.2027860463648161,0.2027860463648161,1.0,0.0
gpt2,no_syntactic_role,C(valence)[T.-val]:C(dominance)[T.-dom],1,-0.1870987978085132,,-0.1870987978085132,-0.1870987978085132,0.0,1.0
gpt2,no_syntactic_role,C(valence)[T.-val]:C(semantic_role)[T.patient],1,-0.0108015262941382,,-0.0108015262941382,-0.0108015262941382,0.0,1.0
gpt2,no_syntactic_role,Intercept,1,0.7236376739387635,,0.7236376739387635,0.7236376739387635,1.0,0.0
gpt2,no_tense,C(dominance)[T.-dom],1,0.1033872914739607,,0.1033872914739607,0.1033872914739607,1.0,0.0
gpt2,no_tense,C(dominance)[T.-dom]:C(semantic_role)[T.patient],1,0.0172871678611995,,0.0172871678611995,0.0172871678611995,1.0,0.0
gpt2,no_tense,C(semantic_role)[T.patient],1,-0.1420238800960819,,-0.1420238800960819,-0.1420238800960819,0.0,1.0
gpt2,no_tense,C(syntactic_role)[T.subject],1,-0.038356171942604,,-0.038356171942604,-0.038356171942604,0.0,1.0
gpt2,no_tense,C(syntactic_role)[T.subject]:C(dominance)[T.-dom],1,0.0124903101047534,,0.0124903101047534,0.0124903101047534,1.0,0.0
gpt2,no_tense,C(syntactic_role)[T.subject]:C(semantic_role)[T.patient],1,0.0618975440720358,,0.0618975440720358,0.0618975440720358,1.0,0.0
gpt2,no_tense,C(syntactic_role)[T.subject]:C(valence)[T.-val],1,-0.0306853142294999,,-0.0306853142294999,-0.0306853142294999,0.0,1.0
gpt2,no_tense,C(valence)[T.-val],1,0.1920154269273991,,0.1920154269273991,0.1920154269273991,1.0,0.0
gpt2,no_tense,C(valence)[T.-val]:C(dominance)[T.-dom],1,-0.1870987978085142,,-0.1870987978085142,-0.1870987978085142,0.0,1.0
gpt2,no_tense,C(valence)[T.-val]:C(semantic_role)[T.patient],1,-0.0108015262941385,,-0.0108015262941385,-0.0108015262941385,0.0,1.0
gpt2,no_tense,Intercept,1,0.7711486560960469,,0.7711486560960469,0.7711486560960469,1.0,0.0
gpt2,no_valence,C(dominance)[T.-dom],1,0.008550762964122,,0.008550762964122,0.008550762964122,1.0,0.0
gpt2,no_valence,C(dominance)[T.-dom]:C(semantic_role)[T.patient],1,0.0172871678611999,,0.0172871678611999,0.0172871678611999,1.0,0.0
gpt2,no_valence,C(semantic_role)[T.patient],1,-0.151541143022435,,-0.151541143022435,-0.151541143022435,0.0,1.0
gpt2,no_valence,C(syntactic_role)[T.subject],1,-0.0723586607150352,,-0.0723586607150352,-0.0723586607150352,0.0,1.0
gpt2,no_valence,C(syntactic_role)[T.subject]:C(dominance)[T.-dom],1,0.0124903101047538,,0.0124903101047538,0.0124903101047538,1.0,0.0
gpt2,no_valence,C(syntactic_role)[T.subject]:C(semantic_role)[T.patient],1,0.0618975440720362,,0.0618975440720362,0.0618975440720362,1.0,0.0
gpt2,no_valence,C(tense)[T.past perfect],1,0.0003341408589845,,0.0003341408589845,0.0003341408589845,1.0,0.0
gpt2,no_valence,C(tense)[T.past perfect]:C(dominance)[T.-dom],1,0.01471831902184,,0.01471831902184,0.01471831902184,1.0,0.0
gpt2,no_valence,C(tense)[T.past perfect]:C(semantic_role)[T.patient],1,-0.0007275329364335,,-0.0007275329364335,-0.0007275329364335,0.0,1.0
gpt2,no_valence,C(tense)[T.past perfect]:C(syntactic_role)[T.subject],1,0.1133765704466263,,0.1133765704466263,0.1133765704466263,1.0,0.0
gpt2,no_valence,C(tense)[T.present continuous],1,0.0694255489939141,,0.0694255489939141,0.0694255489939141,1.0,0.0
gpt2,no_valence,C(tense)[T.present continuous]:C(dominance)[T.-dom],1,-0.019862528875195,,-0.019862528875195,-0.019862528875195,0.0,1.0
gpt2,no_valence,C(tense)[T.present continuous]:C(semantic_role)[T.patient],1,-0.0120035753766249,,-0.0120035753766249,-0.0120035753766249,0.0,1.0
gpt2,no_valence,C(tense)[T.present continuous]:C(syntactic_role)[T.subject],1,0.0043182834764607,,0.0043182834764607,0.0043182834764607,1.0,0.0
gpt2,no_valence,C(tense)[T.present perfect],1,-0.1834704334989013,,-0.1834704334989013,-0.1834704334989013,0.0,1.0
gpt2,no_valence,C(tense)[T.present perfect]:C(dominance)[T.-dom],1,-0.0666819986933,,-0.0666819986933,-0.0666819986933,0.0,1.0
gpt2,no_valence,C(tense)[T.present perfect]:C(semantic_role)[T.patient],1,0.0246372569439714,,0.0246372569439714,0.0246372569439714,1.0,0.0
gpt2,no_valence,C(tense)[T.present perfect]:C(syntactic_role)[T.subject],1,0.0915494555050319,,0.0915494555050319,0.0915494555050319,1.0,0.0
gpt2,no_valence,C(tense)[T.simple future],1,0.152420087555322,,0.152420087555322,0.152420087555322,1.0,0.0
gpt2,no_valence,C(tense)[T.simple future]:C(dominance)[T.-dom],1,0.031930076362707,,0.031930076362707,0.031930076362707,1.0,0.0
gpt2,no_valence,C(tense)[T.simple future]:C(semantic_role)[T.patient],1,-0.026238740702683,,-0.026238740702683,-0.026238740702683,0.0,1.0
gpt2,no_valence,C(tense)[T.simple future]:C(syntactic_role)[T.subject],1,-0.0404790080911215,,-0.0404790080911215,-0.0404790080911215,0.0,1.0
gpt2,no_valence,C(tense)[T.simple past],1,-0.0030312914858653,,-0.0030312914858653,-0.0030312914858653,0.0,1.0
gpt2,no_valence,C(tense)[T.simple past]:C(dominance)[T.-dom],1,0.0476189098174348,,0.0476189098174348,0.0476189098174348,1.0,0.0
gpt2,no_valence,C(tense)[T.simple past]:C(semantic_role)[T.patient],1,0.0390315907467871,,0.0390315907467871,0.0390315907467871,1.0,0.0
gpt2,no_valence,C(tense)[T.simple past]:C(syntactic_role)[T.subject],1,-0.0568063113941325,,-0.0568063113941325,-0.0568063113941325,0.0,1.0
gpt2,no_valence,Intercept,1,0.8612100274812655,,0.8612100274812655,0.8612100274812655,1.0,0.0
mistralai_Mistral-7B-v0.3,full_mixed,C(dominance)[T.-dom],1,0.0121143159412226,,0.0121143159412226,0.0121143159412226,1.0,0.0
mistralai_Mistral-7B-v0.3,full_mixed,C(dominance)[T.-dom]:C(semantic_role)[T.patient],1,-0.00892072405134,,-0.00892072405134,-0.00892072405134,0.0,1.0
mistralai_Mistral-7B-v0.3,full_mixed,C(semantic_role)[T.patient],1,0.1042050316221885,,0.1042050316221885,0.1042050316221885,1.0,0.0
mistralai_Mistral-7B-v0.3,full_mixed,C(syntactic_role)[T.subject],1,-0.0536751883370124,,-0.0536751883370124,-0.0536751883370124,0.0,1.0
mistralai_Mistral-7B-v0.3,full_mixed,C(syntactic_role)[T.subject]:C(dominance)[T.-dom],1,0.0340561639694929,,0.0340561639694929,0.0340561639694929,1.0,0.0
mistralai_Mistral-7B-v0.3,full_mixed,C(syntactic_role)[T.subject]:C(semantic_role)[T.patient],1,-0.211888776506698,,-0.211888776506698,-0.211888776506698,0.0,1.0
mistralai_Mistral-7B-v0.3,full_mixed,C(syntactic_role)[T.subject]:C(valence)[T.-val],1,-0.0845331101190488,,-0.0845331101190488,-0.0845331101190488,0.0,1.0
mistralai_Mistral-7B-v0.3,full_mixed,C(tense)[T.past perfect],1,0.0584119524274647,,0.0584119524274647,0.0584119524274647,1.0,0.0
mistralai_Mistral-7B-v0.3,full_mixed,C(tense)[T.past perfect]:C(dominance)[T.-dom],1,-0.0798618861607163,,-0.0798618861607163,-0.0798618861607163,0.0,1.0
mistralai_Mistral-7B-v0.3,full_mixed,C(tense)[T.past perfect]:C(semantic_role)[T.patient],1,-0.000611223493308,,-0.000611223493308,-0.000611223493308,0.0,1.0
mistralai_Mistral-7B-v0.3,full_mixed,C(tense)[T.past perfect]:C(syntactic_role)[T.subject],1,0.0637241908482093,,0.0637241908482093,0.0637241908482093,1.0,0.0
mistralai_Mistral-7B-v0.3,full_mixed,C(tense)[T.past perfect]:C(valence)[T.-val],1,-0.0711556570870571,,-0.0711556570870571,-0.0711556570870571,0.0,1.0
mistralai_Mistral-7B-v0.3,full_mixed,C(tense)[T.present continuous],1,0.208617292131705,,0.208617292131705,0.208617292131705,1.0,0.0
mistralai_Mistral-7B-v0.3,full_mixed,C(tense)[T.present continuous]:C(dominance)[T.-dom],1,-0.1113351004464302,,-0.1113351004464302,-0.1113351004464302,0.0,1.0
mistralai_Mistral-7B-v0.3,full_mixed,C(tense)[T.present continuous]:C(semantic_role)[T.patient],1,-0.0199916294642898,,-0.0199916294642898,-0.0199916294642898,0.0,1.0
mistralai_Mistral-7B-v0.3,full_mixed,C(tense)[T.present continuous]:C(syntactic_role)[T.subject],1,0.0986005510602631,,0.0986005510602631,0.0986005510602631,1.0,0.0
mistralai_Mistral-7B-v0.3,full_mixed,C(tense)[T.present continuous]:C(valence)[T.-val],1,-0.064823695591521,,-0.064823695591521,-0.064823695591521,0.0,1.0
mistralai_Mistral-7B-v0.3,full_mixed,C(tense)[T.present perfect],1,0.1161366053990046,,0.1161366053990046,0.1161366053990046,1.0,0.0
mistralai_Mistral-7B-v0.3,full_mixed,C(tense)[T.present perfect]:C(dominance)[T.-dom],1,-0.0977979387555822,,-0.0977979387555822,-0.0977979387555822,0.0,1.0
mistralai_Mistral-7B-v0.3,full_mixed,C(tense)[T.present perfect]:C(semantic_role)[T.patient],1,0.0176273890903973,,0.0176273890903973,0.0176273890903973,1.0,0.0
mistralai_Mistral-7B-v0.3,full_mixed,C(tense)[T.present perfect]:C(syntactic_role)[T.subject],1,0.1475755964006648,,0.1475755964006648,0.1475755964006648,1.0,0.0
mistralai_Mistral-7B-v0.3,full_mixed,C(tense)[T.present perfect]:C(valence)[T.-val],1,-0.0603886195591551,,-0.0603886195591551,-0.0603886195591551,0.0,1.0
mistralai_Mistral-7B-v0.3,full_mixed,C(tense)[T.simple future],1,0.4904057094029089,,0.4904057094029089,0.4904057094029089,1.0,0.0
mistralai_Mistral-7B-v0.3,full_mixed,C(tense)[T.simple future]:C(dominance)[T.-dom],1,-0.2188337053571435,,-0.2188337053571435,-0.2188337053571435,0.0,1.0
mistralai_Mistral-7B-v0.3,full_mixed,C(tense)[T.simple future]:C(semantic_role)[T.patient],1,0.0688982282366035,,0.0688982282366035,0.0688982282366035,1.0,0.0
mistralai_Mistral-7B-v0.3,full_mixed,C(tense)[T.simple future]:C(syntactic_role)[T.subject],1,0.227995954241067,,0.227995954241067,0.227995954241067,1.0,0.0
mistralai_Mistral-7B-v0.3,full_mixed,C(tense)[T.simple future]:C(valence)[T.-val],1,0.0496564592633901,,0.0496564592633901,0.0496564592633901,1.0,0.0
mistralai_Mistral-7B-v0.3,full_mixed,C(tense)[T.simple past],1,-0.0113566807338074,,-0.0113566807338074,-0.0113566807338074,0.0,1.0
mistralai_Mistral-7B-v0.3,full_mixed,C(tense)[T.simple past]:C(dominance)[T.-dom],1,-0.0551770891462075,,-0.0551770891462075,-0.0551770891462075,0.0,1.0
mistralai_Mistral-7B-v0.3,full_mixed,C(tense)[T.simple past]:C(semantic_role)[T.patient],1,-0.0329829624721027,,-0.0329829624721027,-0.0329829624721027,0.0,1.0
mistralai_Mistral-7B-v0.3,full_mixed,C(tense)[T.simple past]:C(syntactic_role)[T.subject],1,0.0792964390345933,,0.0792964390345933,0.0792964390345933,1.0,0.0
mistralai_Mistral-7B-v0.3,full_mixed,C(tense)[T.simple past]:C(valence)[T.-val],1,-0.0585959298270125,,-0.0585959298270125,-0.0585959298270125,0.0,1.0
mistralai_Mistral-7B-v0.3,full_mixed,C(valence)[T.-val],1,0.0805277506510456,,0.0805277506510456,0.0805277506510456,1.0,0.0
mistralai_Mistral-7B-v0.3,full_mixed,C(valence)[T.-val]:C(dominance)[T.-dom],1,-0.0239002046130949,,-0.0239002046130949,-0.0239002046130949,0.0,1.0
mistralai_Mistral-7B-v0.3,full_mixed,C(valence)[T.-val]:C(semantic_role)[T.patient],1,-0.0071701776413698,,-0.0071701776413698,-0.0071701776413698,0.0,1.0
mistralai_Mistral-7B-v0.3,full_mixed,Intercept,1,1.312736947200866,,1.312736947200866,1.312736947200866,1.0,0.0
mistralai_Mistral-7B-v0.3,full_mixed_2,C(dominance)[T.-dom],1,0.0211456298828303,,0.0211456298828303,0.0211456298828303,1.0,0.0
mistralai_Mistral-7B-v0.3,full_mixed_2,C(dominance)[T.-dom]:C(profession)[T.carpenter],1,-0.0051106770833499,,-0.0051106770833499,-0.0051106770833499,0.0,1.0
mistralai_Mistral-7B-v0.3,full_mixed_2,C(dominance)[T.-dom]:C(profession)[T.cashier],1,-0.0216308593750164,,-0.0216308593750164,-0.0216308593750164,0.0,1.0
mistralai_Mistral-7B-v0.3,full_mixed_2,C(dominance)[T.-dom]:C(profession)[T.ceo],1,0.0469726562499842,,0.0469726562499842,0.0469726562499842,1.0,0.0
mistralai_Mistral-7B-v0.3,full_mixed_2,C(dominance)[T.-dom]:C(profession)[T.cleaner],1,-0.0273132324218912,,-0.0273132324218912,-0.0273132324218912,0.0,1.0
mistralai_Mistral-7B-v0.3,full_mixed_2,C(dominance)[T.-dom]:C(profession)[T.cook],1,0.0433186848958179,,0.0433186848958179,0.0433186848958179,1.0,0.0
mistralai_Mistral-7B-v0.3,full_mixed_2,C(dominance)[T.-dom]:C(profession)[T.designer],1,0.0220377604166509,,0.0220377604166509,0.0220377604166509,1.0,0.0
mistralai_Mistral-7B-v0.3,full_mixed_2,C(dominance)[T.-dom]:C(profession)[T.driver],1,0.0387369791666508,,0.0387369791666508,0.0387369791666508,1.0,0.0
mistralai_Mistral-7B-v0.3,full_mixed_2,C(dominance)[T.-dom]:C(profession)[T.lawyer],1,0.0287760416666529,,0.0287760416666529,0.0287760416666529,1.0,0.0
mistralai_Mistral-7B-v0.3,full_mixed_2,C(dominance)[T.-dom]:C(profession)[T.manager],1,0.0184895833333173,,0.0184895833333173,0.0184895833333173,1.0,0.0
mistralai_Mistral-7B-v0.3,full_mixed_2,C(dominance)[T.-dom]:C(profession)[T.receptionist],1,-0.0407216389974133,,-0.0407216389974133,-0.0407216389974133,0.0,1.0
mistralai_Mistral-7B-v0.3,full_mixed_2,C(dominance)[T.-dom]:C(profession)[T.salesperson],1,0.0367513020833174,,0.0367513020833174,0.0367513020833174,1.0,0.0
mistralai_Mistral-7B-v0.3,full_mixed_2,C(dominance)[T.-dom]:C(profession)[T.secretary],1,-0.2872019449869943,,-0.2872019449869943,-0.2872019449869943,0.0,1.0
mistralai_Mistral-7B-v0.3,full_mixed_2,C(dominance)[T.-dom]:C(profession)[T.teacher],1,-0.0419881184895996,,-0.0419881184895996,-0.0419881184895996,0.0,1.0
mistralai_Mistral-7B-v0.3,full_mixed_2,C(profession)[T.carpenter],1,2.032470703125003,,2.032470703125003,2.032470703125003,1.0,0.0
mistralai_Mistral-7B-v0.3,full_mixed_2,C(profession)[T.cashier],1,-1.4068440755208045,,-1.4068440755208045,-1.4068440755208045,0.0,1.0
mistralai_Mistral-7B-v0.3,full_mixed_2,C(profession)[T.ceo],1,-0.0915201822916324,,-0.0915201822916324,-0.0915201822916324,0.0,1.0
mistralai_Mistral-7B-v0.3,full_mixed_2,C(profession)[T.cleaner],1,-1.174913533528606,,-1.174913533528606,-1.174913533528606,0.0,1.0
mistralai_Mistral-7B-v0.3,full_mixed_2,C(profession)[T.cook],1,-0.6453002929687268,,-0.6453002929687268,-0.6453002929687268,0.0,1.0
mistralai_Mistral-7B-v0.3,full_mixed_2,C(profession)[T.designer],1,-0.4232747395832971,,-0.4232747395832971,-0.4232747395832971,0.0,1.0
mistralai_Mistral-7B-v0.3,full_mixed_2,C(profession)[T.driver],1,0.3835123697916986,,0.3835123697916986,0.3835123697916986,1.0,0.0
mistralai_Mistral-7B-v0.3,full_mixed_2,C(profession)[T.lawyer],1,0.4938802083333564,,0.4938802083333564,0.4938802083333564,1.0,0.0
mistralai_Mistral-7B-v0.3,full_mixed_2,C(profession)[T.manager],1,-0.0904296874999749,,-0.0904296874999749,-0.0904296874999749,0.0,1.0
mistralai_Mistral-7B-v0.3,full_mixed_2,C(profession)[T.receptionist],1,-2.747488911946581,,-2.747488911946581,-2.747488911946581,0.0,1.0
mistralai_Mistral-7B-v0.3,full_mixed_2,C(profession)[T.salesperson],1,-0.4977213541666415,,-0.4977213541666415,-0.4977213541666415,0.0,1.0
mistralai_Mistral-7B-v0.3,full_mixed_2,C(profession)[T.secretary],1,-2.2590154012044064,,-2.2590154012044064,-2.2590154012044064,0.0,1.0
mistralai_Mistral-7B-v0.3,full_mixed_2,C(profession)[T.teacher],1,-1.2904663085937245,,-1.2904663085937245,-1.2904663085937245,0.0,1.0
mistralai_Mistral-7B-v0.3,full_mixed_2,C(syntactic_role)[T.subject],1,0.0239029657272632,,0.0239029657272632,0.0239029657272632,1.0,0.0
mistralai_Mistral-7B-v0.3,full_mixed_2,C(syntactic_role)[T.subject]:C(dominance)[T.-dom],1,0.0340561639694933,,0.0340561639694933,0.0340561639694933,1.0,0.0
mistralai_Mistral-7B-v0.3,full_mixed_2,C(syntactic_role)[T.subject]:C(profession)[T.carpenter],1,-0.1182617187499956,,-0.1182617187499956,-0.1182617187499956,0.0,1.0
mistralai_Mistral-7B-v0.3,full_mixed_2,C(syntactic_role)[T.subject]:C(profession)[T.cashier],1,-0.1958048502604123,,-0.1958048502604123,-0.1958048502604123,0.0,1.0
mistralai_Mistral-7B-v0.3,full_mixed_2,C(syntactic_role)[T.subject]:C(profession)[T.ceo],1,-0.2174804687499948,,-0.2174804687499948,-0.2174804687499948,0.0,1.0
mistralai_Mistral-7B-v0.3,full_mixed_2,C(syntactic_role)[T.subject]:C(profession)[T.cleaner],1,-0.2423889160156201,,-0.2423889160156201,-0.2423889160156201,0.0,1.0
mistralai_Mistral-7B-v0.3,full_mixed_2,C(syntactic_role)[T.subject]:C(profession)[T.cook],1,-0.1897216796874957,,-0.1897216796874957,-0.1897216796874957,0.0,1.0
mistralai_Mistral-7B-v0.3,full_mixed_2,C(syntactic_role)[T.subject]:C(profession)[T.designer],1,-0.1906249999999949,,-0.1906249999999949,-0.1906249999999949,0.0,1.0
mistralai_Mistral-7B-v0.3,full_mixed_2,C(syntactic_role)[T.subject]:C(profession)[T.driver],1,-0.3276367187499946,,-0.3276367187499946,-0.3276367187499946,0.0,1.0
mistralai_Mistral-7B-v0.3,full_mixed_2,C(syntactic_role)[T.subject]:C(profession)[T.lawyer],1,-0.0668619791666611,,-0.0668619791666611,-0.0668619791666611,0.0,1.0
mistralai_Mistral-7B-v0.3,full_mixed_2,C(syntactic_role)[T.subject]:C(profession)[T.manager],1,-0.2068359374999956,,-0.2068359374999956,-0.2068359374999956,0.0,1.0
mistralai_Mistral-7B-v0.3,full_mixed_2,C(syntactic_role)[T.subject]:C(profession)[T.receptionist],1,-0.0794871012369777,,-0.0794871012369777,-0.0794871012369777,0.0,1.0
mistralai_Mistral-7B-v0.3,full_mixed_2,C(syntactic_role)[T.subject]:C(profession)[T.salesperson],1,-0.2671549479166617,,-0.2671549479166617,-0.2671549479166617,0.0,1.0
mistralai_Mistral-7B-v0.3,full_mixed_2,C(syntactic_role)[T.subject]:C(profession)[T.secretary],1,-0.1661977132161395,,-0.1661977132161395,-0.1661977132161395,0.0,1.0
mistralai_Mistral-7B-v0.3,full_mixed_2,C(syntactic_role)[T.subject]:C(profession)[T.teacher],1,-0.3008585611979117,,-0.3008585611979117,-0.3008585611979117,0.0,1.0
mistralai_Mistral-7B-v0.3,full_mixed_2,C(syntactic_role)[T.subject]:C(valence)[T.-val],1,-0.084533110119048,,-0.084533110119048,-0.084533110119048,0.0,1.0
mistralai_Mistral-7B-v0.3,full_mixed_2,C(tense)[T.past perfect],1,0.0508732386997835,,0.0508732386997835,0.0508732386997835,1.0,0.0
mistralai_Mistral-7B-v0.3,full_mixed_2,C(tense)[T.past perfect]:C(dominance)[T.-dom],1,-0.0798618861607153,,-0.0798618861607153,-0.0798618861607153,0.0,1.0
mistralai_Mistral-7B-v0.3,full_mixed_2,C(tense)[T.past perfect]:C(profession)[T.carpenter],1,0.0052734374999918,,0.0052734374999918,0.0052734374999918,1.0,0.0
mistralai_Mistral-7B-v0.3,full_mixed_2,C(tense)[T.past perfect]:C(profession)[T.cashier],1,0.0258178710937399,,0.0258178710937399,0.0258178710937399,1.0,0.0
mistralai_Mistral-7B-v0.3,full_mixed_2,C(tense)[T.past perfect]:C(profession)[T.ceo],1,-0.1220703125000067,,-0.1220703125000067,-0.1220703125000067,0.0,1.0
mistralai_Mistral-7B-v0.3,full_mixed_2,C(tense)[T.past perfect]:C(profession)[T.cleaner],1,-0.1767913818359447,,-0.1767913818359447,-0.1767913818359447,0.0,1.0
mistralai_Mistral-7B-v0.3,full_mixed_2,C(tense)[T.past perfect]:C(profession)[T.cook],1,-0.0427734375000076,,-0.0427734375000076,-0.0427734375000076,0.0,1.0
mistralai_Mistral-7B-v0.3,full_mixed_2,C(tense)[T.past perfect]:C(profession)[T.designer],1,0.0146484374999935,,0.0146484374999935,0.0146484374999935,1.0,0.0
mistralai_Mistral-7B-v0.3,full_mixed_2,C(tense)[T.past perfect]:C(profession)[T.driver],1,0.0212402343749945,,0.0212402343749945,0.0212402343749945,1.0,0.0
mistralai_Mistral-7B-v0.3,full_mixed_2,C(tense)[T.past perfect]:C(profession)[T.lawyer],1,0.0219726562499938,,0.0219726562499938,0.0219726562499938,1.0,0.0
mistralai_Mistral-7B-v0.3,full_mixed_2,C(tense)[T.past perfect]:C(profession)[T.manager],1,0.0522460937499933,,0.0522460937499933,0.0522460937499933,1.0,0.0
mistralai_Mistral-7B-v0.3,full_mixed_2,C(tense)[T.past perfect]:C(profession)[T.receptionist],1,0.0564453124999913,,0.0564453124999913,0.0564453124999913,1.0,0.0
mistralai_Mistral-7B-v0.3,full_mixed_2,C(tense)[T.past perfect]:C(profession)[T.salesperson],1,-0.0067871093750058,,-0.0067871093750058,-0.0067871093750058,0.0,1.0
mistralai_Mistral-7B-v0.3,full_mixed_2,C(tense)[T.past perfect]:C(profession)[T.secretary],1,0.2294647216796793,,0.2294647216796793,0.2294647216796793,1.0,0.0
mistralai_Mistral-7B-v0.3,full_mixed_2,C(tense)[T.past perfect]:C(profession)[T.teacher],1,0.0225769042968668,,0.0225769042968668,0.0225769042968668,1.0,0.0
mistralai_Mistral-7B-v0.3,full_mixed_2,C(tense)[T.past perfect]:C(syntactic_role)[T.subject],1,0.0637241908482154,,0.0637241908482154,0.0637241908482154,1.0,0.0
mistralai_Mistral-7B-v0.3,full_mixed_2,C(tense)[T.past perfect]:C(valence)[T.-val],1,-0.0711556570870543,,-0.0711556570870543,-0.0711556570870543,0.0,1.0
mistralai_Mistral-7B-v0.3,full_mixed_2,C(tense)[T.present continuous],1,0.1432713099888436,,0.1432713099888436,0.1432713099888436,1.0,0.0
mistralai_Mistral-7B-v0.3,full_mixed_2,C(tense)[T.present continuous]:C(dominance)[T.-dom],1,-0.1113351004464288,,-0.1113351004464288,-0.1113351004464288,0.0,1.0
mistralai_Mistral-7B-v0.3,full_mixed_2,C(tense)[T.present continuous]:C(profession)[T.carpenter],1,-0.1746093750000063,,-0.1746093750000063,-0.1746093750000063,0.0,1.0
mistralai_Mistral-7B-v0.3,full_mixed_2,C(tense)[T.present continuous]:C(profession)[T.cashier],1,0.2360534667968666,,0.2360534667968666,0.2360534667968666,1.0,0.0
mistralai_Mistral-7B-v0.3,full_mixed_2,C(tense)[T.present continuous]:C(profession)[T.ceo],1,0.0660156249999951,,0.0660156249999951,0.0660156249999951,1.0,0.0
mistralai_Mistral-7B-v0.3,full_mixed_2,C(tense)[T.present continuous]:C(profession)[T.cleaner],1,0.1723022460937443,,0.1723022460937443,0.1723022460937443,1.0,0.0
mistralai_Mistral-7B-v0.3,full_mixed_2,C(tense)[T.present continuous]:C(profession)[T.cook],1,0.098657226562494,,0.098657226562494,0.098657226562494,1.0,0.0
mistralai_Mistral-7B-v0.3,full_mixed_2,C(tense)[T.present continuous]:C(profession)[T.designer],1,0.2402832031249952,,0.2402832031249952,0.2402832031249952,1.0,0.0
mistralai_Mistral-7B-v0.3,full_mixed_2,C(tense)[T.present continuous]:C(profession)[T.driver],1,0.0931640624999963,,0.0931640624999963,0.0931640624999963,1.0,0.0
mistralai_Mistral-7B-v0.3,full_mixed_2,C(tense)[T.present continuous]:C(profession)[T.lawyer],1,-0.3170898437500038,,-0.3170898437500038,-0.3170898437500038,0.0,1.0
mistralai_Mistral-7B-v0.3,full_mixed_2,C(tense)[T.present continuous]:C(profession)[T.manager],1,0.0410644531249952,,0.0410644531249952,0.0410644531249952,1.0,0.0
mistralai_Mistral-7B-v0.3,full_mixed_2,C(tense)[T.present continuous]:C(profession)[T.receptionist],1,0.1917022705078054,,0.1917022705078054,0.1917022705078054,1.0,0.0
mistralai_Mistral-7B-v0.3,full_mixed_2,C(tense)[T.present continuous]:C(profession)[T.salesperson],1,0.3056152343749957,,0.3056152343749957,0.3056152343749957,1.0,0.0
mistralai_Mistral-7B-v0.3,full_mixed_2,C(tense)[T.present continuous]:C(profession)[T.secretary],1,-0.2480743408203201,,-0.2480743408203201,-0.2480743408203201,0.0,1.0
mistralai_Mistral-7B-v0.3,full_mixed_2,C(tense)[T.present continuous]:C(profession)[T.teacher],1,0.0698181152343687,,0.0698181152343687,0.0698181152343687,1.0,0.0
mistralai_Mistral-7B-v0.3,full_mixed_2,C(tense)[T.present continuous]:C(syntactic_role)[T.subject],1,0.0986005510602692,,0.0986005510602692,0.0986005510602692,1.0,0.0
mistralai_Mistral-7B-v0.3,full_mixed_2,C(tense)[T.present continuous]:C(valence)[T.-val],1,-0.0648236955915181,,-0.0648236955915181,-0.0648236955915181,0.0,1.0
mistralai_Mistral-7B-v0.3,full_mixed_2,C(tense)[T.present perfect],1,0.0996414184570375,,0.0996414184570375,0.0996414184570375,1.0,0.0
mistralai_Mistral-7B-v0.3,full_mixed_2,C(tense)[T.present perfect]:C(dominance)[T.-dom],1,-0.0977979387555808,,-0.0977979387555808,-0.0977979387555808,0.0,1.0
mistralai_Mistral-7B-v0.3,full_mixed_2,C(tense)[T.present perfect]:C(profession)[T.carpenter],1,-0.1650390625000075,,-0.1650390625000075,-0.1650390625000075,0.0,1.0
mistralai_Mistral-7B-v0.3,full_mixed_2,C(tense)[T.present perfect]:C(profession)[T.cashier],1,0.1528869628906152,,0.1528869628906152,0.1528869628906152,1.0,0.0
mistralai_Mistral-7B-v0.3,full_mixed_2,C(tense)[T.present perfect]:C(profession)[T.ceo],1,-0.0186523437500063,,-0.0186523437500063,-0.0186523437500063,0.0,1.0
mistralai_Mistral-7B-v0.3,full_mixed_2,C(tense)[T.present perfect]:C(profession)[T.cleaner],1,-0.1386840820312573,,-0.1386840820312573,-0.1386840820312573,0.0,1.0
mistralai_Mistral-7B-v0.3,full_mixed_2,C(tense)[T.present perfect]:C(profession)[T.cook],1,-0.0294677734375072,,-0.0294677734375072,-0.0294677734375072,0.0,1.0
mistralai_Mistral-7B-v0.3,full_mixed_2,C(tense)[T.present perfect]:C(profession)[T.designer],1,0.1662597656249938,,0.1662597656249938,0.1662597656249938,1.0,0.0
mistralai_Mistral-7B-v0.3,full_mixed_2,C(tense)[T.present perfect]:C(profession)[T.driver],1,0.1028320312499947,,0.1028320312499947,0.1028320312499947,1.0,0.0
mistralai_Mistral-7B-v0.3,full_mixed_2,C(tense)[T.present perfect]:C(profession)[T.lawyer],1,-0.2231445312500054,,-0.2231445312500054,-0.2231445312500054,0.0,1.0
mistralai_Mistral-7B-v0.3,full_mixed_2,C(tense)[T.present perfect]:C(profession)[T.manager],1,0.0577148437499935,,0.0577148437499935,0.0577148437499935,1.0,0.0
mistralai_Mistral-7B-v0.3,full_mixed_2,C(tense)[T.present perfect]:C(profession)[T.receptionist],1,0.1688598632812415,,0.1688598632812415,0.1688598632812415,1.0,0.0
mistralai_Mistral-7B-v0.3,full_mixed_2,C(tense)[T.present perfect]:C(profession)[T.salesperson],1,0.2650878906249945,,0.2650878906249945,0.2650878906249945,1.0,0.0
mistralai_Mistral-7B-v0.3,full_mixed_2,C(tense)[T.present perfect]:C(profession)[T.secretary],1,-0.1209136962890704,,-0.1209136962890704,-0.1209136962890704,0.0,1.0
mistralai_Mistral-7B-v0.3,full_mixed_2,C(tense)[T.present perfect]:C(profession)[T.teacher],1,0.136584472656242,,0.136584472656242,0.136584472656242,1.0,0.0
mistralai_Mistral-7B-v0.3,full_mixed_2,C(tense)[T.present perfect]:C(syntactic_role)[T.subject],1,0.1475755964006702,,0.1475755964006702,0.1475755964006702,1.0,0.0
mistralai_Mistral-7B-v0.3,full_mixed_2,C(tense)[T.present perfect]:C(valence)[T.-val],1,-0.0603886195591521,,-0.0603886195591521,-0.0603886195591521,0.0,1.0
mistralai_Mistral-7B-v0.3,full_mixed_2,C(tense)[T.simple future],1,0.4843601771763448,,0.4843601771763448,0.4843601771763448,1.0,0.0
mistralai_Mistral-7B-v0.3,full_mixed_2,C(tense)[T.simple future]:C(dominance)[T.-dom],1,-0.2188337053571423,,-0.2188337053571423,-0.2188337053571423,0.0,1.0
mistralai_Mistral-7B-v0.3,full_mixed_2,C(tense)[T.simple future]:C(profession)[T.carpenter],1,-0.5450195312500083,,-0.5450195312500083,-0.5450195312500083,0.0,1.0
mistralai_Mistral-7B-v0.3,full_mixed_2,C(tense)[T.simple future]:C(profession)[T.cashier],1,0.276617431640615,,0.276617431640615,0.276617431640615,1.0,0.0
mistralai_Mistral-7B-v0.3,full_mixed_2,C(tense)[T.simple future]:C(profession)[T.ceo],1,-0.2511718750000069,,-0.2511718750000069,-0.2511718750000069,0.0,1.0
mistralai_Mistral-7B-v0.3,full_mixed_2,C(tense)[T.simple future]:C(profession)[T.cleaner],1,0.0417602539062423,,0.0417602539062423,0.0417602539062423,1.0,0.0
mistralai_Mistral-7B-v0.3,full_mixed_2,C(tense)[T.simple future]:C(profession)[T.cook],1,-0.1069824218750078,,-0.1069824218750078,-0.1069824218750078,0.0,1.0
mistralai_Mistral-7B-v0.3,full_mixed_2,C(tense)[T.simple future]:C(profession)[T.designer],1,0.2858886718749934,,0.2858886718749934,0.2858886718749934,1.0,0.0
mistralai_Mistral-7B-v0.3,full_mixed_2,C(tense)[T.simple future]:C(profession)[T.driver],1,0.1156249999999942,,0.1156249999999942,0.1156249999999942,1.0,0.0
mistralai_Mistral-7B-v0.3,full_mixed_2,C(tense)[T.simple future]:C(profession)[T.lawyer],1,-0.2284179687500063,,-0.2284179687500063,-0.2284179687500063,0.0,1.0
mistralai_Mistral-7B-v0.3,full_mixed_2,C(tense)[T.simple future]:C(profession)[T.manager],1,0.1856445312499935,,0.1856445312499935,0.1856445312499935,1.0,0.0
mistralai_Mistral-7B-v0.3,full_mixed_2,C(tense)[T.simple future]:C(profession)[T.receptionist],1,0.2122497558593661,,0.2122497558593661,0.2122497558593661,1.0,0.0
mistralai_Mistral-7B-v0.3,full_mixed_2,C(tense)[T.simple future]:C(profession)[T.salesperson],1,0.370361328124994,,0.370361328124994,0.370361328124994,1.0,0.0
mistralai_Mistral-7B-v0.3,full_mixed_2,C(tense)[T.simple future]:C(profession)[T.secretary],1,-0.129302978515634,,-0.129302978515634,-0.129302978515634,0.0,1.0
mistralai_Mistral-7B-v0.3,full_mixed_2,C(tense)[T.simple future]:C(profession)[T.teacher],1,0.3396728515624915,,0.3396728515624915,0.3396728515624915,1.0,0.0
mistralai_Mistral-7B-v0.3,full_mixed_2,C(tense)[T.simple future]:C(syntactic_role)[T.subject],1,0.2279959542410732,,0.2279959542410732,0.2279959542410732,1.0,0.0
mistralai_Mistral-7B-v0.3,full_mixed_2,C(tense)[T.simple future]:C(valence)[T.-val],1,0.0496564592633926,,0.0496564592633926,0.0496564592633926,1.0,0.0
mistralai_Mistral-7B-v0.3,full_mixed_2,C(tense)[T.simple past],1,-0.0616679600306823,,-0.0616679600306823,-0.0616679600306823,0.0,1.0
mistralai_Mistral-7B-v0.3,full_mixed_2,C(tense)[T.simple past]:C(dominance)[T.-dom],1,-0.0551770891462071,,-0.0551770891462071,-0.0551770891462071,0.0,1.0
mistralai_Mistral-7B-v0.3,full_mixed_2,C(tense)[T.simple past]:C(profession)[T.carpenter],1,-0.0261718750000096,,-0.0261718750000096,-0.0261718750000096,0.0,1.0
mistralai_Mistral-7B-v0.3,full_mixed_2,C(tense)[T.simple past]:C(profession)[T.cashier],1,0.0599548339843635,,0.0599548339843635,0.0599548339843635,1.0,0.0
mistralai_Mistral-7B-v0.3,full_mixed_2,C(tense)[T.simple past]:C(profession)[T.ceo],1,0.0191406249999917,,0.0191406249999917,0.0191406249999917,1.0,0.0
mistralai_Mistral-7B-v0.3,full_mixed_2,C(tense)[T.simple past]:C(profession)[T.cleaner],1,-0.0042572021484466,,-0.0042572021484466,-0.0042572021484466,0.0,1.0
mistralai_Mistral-7B-v0.3,full_mixed_2,C(tense)[T.simple past]:C(profession)[T.cook],1,-0.0219482421875092,,-0.0219482421875092,-0.0219482421875092,0.0,1.0
mistralai_Mistral-7B-v0.3,full_mixed_2,C(tense)[T.simple past]:C(profession)[T.designer],1,0.0028808593749917,,0.0028808593749917,0.0028808593749917,1.0,0.0
mistralai_Mistral-7B-v0.3,full_mixed_2,C(tense)[T.simple past]:C(profession)[T.driver],1,0.0156738281249931,,0.0156738281249931,0.0156738281249931,1.0,0.0
mistralai_Mistral-7B-v0.3,full_mixed_2,C(tense)[T.simple past]:C(profession)[T.lawyer],1,-0.0828125000000076,,-0.0828125000000076,-0.0828125000000076,0.0,1.0
mistralai_Mistral-7B-v0.3,full_mixed_2,C(tense)[T.simple past]:C(profession)[T.manager],1,0.1582519531249917,,0.1582519531249917,0.1582519531249917,1.0,0.0
mistralai_Mistral-7B-v0.3,full_mixed_2,C(tense)[T.simple past]:C(profession)[T.receptionist],1,0.0718505859374901,,0.0718505859374901,0.0718505859374901,1.0,0.0
mistralai_Mistral-7B-v0.3,full_mixed_2,C(tense)[T.simple past]:C(profession)[T.salesperson],1,0.0812499999999925,,0.0812499999999925,0.0812499999999925,1.0,0.0
mistralai_Mistral-7B-v0.3,full_mixed_2,C(tense)[T.simple past]:C(profession)[T.secretary],1,0.085760498046865,,0.085760498046865,0.085760498046865,1.0,0.0
mistralai_Mistral-7B-v0.3,full_mixed_2,C(tense)[T.simple past]:C(profession)[T.teacher],1,0.1139038085937402,,0.1139038085937402,0.1139038085937402,1.0,0.0
mistralai_Mistral-7B-v0.3,full_mixed_2,C(tense)[T.simple past]:C(syntactic_role)[T.subject],1,0.0792964390345988,,0.0792964390345988,0.0792964390345988,1.0,0.0
mistralai_Mistral-7B-v0.3,full_mixed_2,C(tense)[T.simple past]:C(valence)[T.-val],1,-0.0585959298270108,,-0.0585959298270108,-0.0585959298270108,0.0,1.0
mistralai_Mistral-7B-v0.3,full_mixed_2,C(valence)[T.-val],1,0.1270087832496416,,0.1270087832496416,0.1270087832496416,1.0,0.0
mistralai_Mistral-7B-v0.3,full_mixed_2,C(valence)[T.-val]:C(dominance)[T.-dom],1,-0.0239002046130978,,-0.0239002046130978,-0.0239002046130978,0.0,1.0
mistralai_Mistral-7B-v0.3,full_mixed_2,C(valence)[T.-val]:C(profession)[T.carpenter],1,0.188313802083321,,0.188313802083321,0.188313802083321,1.0,0.0
mistralai_Mistral-7B-v0.3,full_mixed_2,C(valence)[T.-val]:C(profession)[T.cashier],1,-0.2204020182291788,,-0.2204020182291788,-0.2204020182291788,0.0,1.0
mistralai_Mistral-7B-v0.3,full_mixed_2,C(valence)[T.-val]:C(profession)[T.ceo],1,-0.0095377604166784,,-0.0095377604166784,-0.0095377604166784,0.0,1.0
mistralai_Mistral-7B-v0.3,full_mixed_2,C(valence)[T.-val]:C(profession)[T.cleaner],1,-0.2189229329427204,,-0.2189229329427204,-0.2189229329427204,0.0,1.0
mistralai_Mistral-7B-v0.3,full_mixed_2,C(valence)[T.-val]:C(profession)[T.cook],1,0.0004801432291552,,0.0004801432291552,0.0004801432291552,1.0,0.0
mistralai_Mistral-7B-v0.3,full_mixed_2,C(valence)[T.-val]:C(profession)[T.designer],1,-0.0382812500000116,,-0.0382812500000116,-0.0382812500000116,0.0,1.0
mistralai_Mistral-7B-v0.3,full_mixed_2,C(valence)[T.-val]:C(profession)[T.driver],1,0.0558593749999884,,0.0558593749999884,0.0558593749999884,1.0,0.0
mistralai_Mistral-7B-v0.3,full_mixed_2,C(valence)[T.-val]:C(profession)[T.lawyer],1,0.0458333333333241,,0.0458333333333241,0.0458333333333241,1.0,0.0
mistralai_Mistral-7B-v0.3,full_mixed_2,C(valence)[T.-val]:C(profession)[T.manager],1,-0.0356770833333451,,-0.0356770833333451,-0.0356770833333451,0.0,1.0
mistralai_Mistral-7B-v0.3,full_mixed_2,C(valence)[T.-val]:C(profession)[T.receptionist],1,-0.2129872639974089,,-0.2129872639974089,-0.2129872639974089,0.0,1.0
mistralai_Mistral-7B-v0.3,full_mixed_2,C(valence)[T.-val]:C(profession)[T.salesperson],1,-0.0656575520833448,,-0.0656575520833448,-0.0656575520833448,0.0,1.0
mistralai_Mistral-7B-v0.3,full_mixed_2,C(valence)[T.-val]:C(profession)[T.secretary],1,-0.1072438557942802,,-0.1072438557942802,-0.1072438557942802,0.0,1.0
mistralai_Mistral-7B-v0.3,full_mixed_2,C(valence)[T.-val]:C(profession)[T.teacher],1,-0.0827026367187622,,-0.0827026367187622,-0.0827026367187622,0.0,1.0
mistralai_Mistral-7B-v0.3,full_mixed_2,Intercept,1,1.9160616920106717,,1.9160616920106717,1.9160616920106717,1.0,0.0
mistralai_Mistral-7B-v0.3,no_dominance,C(semantic_role)[T.patient],1,0.0997446695965565,,0.0997446695965565,0.0997446695965565,1.0,0.0
mistralai_Mistral-7B-v0.3,no_dominance,C(syntactic_role)[T.subject],1,-0.0366471063522658,,-0.0366471063522658,-0.0366471063522658,0.0,1.0
mistralai_Mistral-7B-v0.3,no_dominance,C(syntactic_role)[T.subject]:C(semantic_role)[T.patient],1,-0.2118887765066975,,-0.2118887765066975,-0.2118887765066975,0.0,1.0
mistralai_Mistral-7B-v0.3,no_dominance,C(syntactic_role)[T.subject]:C(valence)[T.-val],1,-0.0845331101190483,,-0.0845331101190483,-0.0845331101190483,0.0,1.0
mistralai_Mistral-7B-v0.3,no_dominance,C(tense)[T.past perfect],1,0.0184810093471028,,0.0184810093471028,0.0184810093471028,1.0,0.0
mistralai_Mistral-7B-v0.3,no_dominance,C(tense)[T.past perfect]:C(semantic_role)[T.patient],1,-0.0006112234933066,,-0.0006112234933066,-0.0006112234933066,0.0,1.0
mistralai_Mistral-7B-v0.3,no_dominance,C(tense)[T.past perfect]:C(syntactic_role)[T.subject],1,0.063724190848211,,0.063724190848211,0.063724190848211,1.0,0.0
mistralai_Mistral-7B-v0.3,no_dominance,C(tense)[T.past perfect]:C(valence)[T.-val],1,-0.0711556570870547,,-0.0711556570870547,-0.0711556570870547,0.0,1.0
mistralai_Mistral-7B-v0.3,no_dominance,C(tense)[T.present continuous],1,0.1529497419084861,,0.1529497419084861,0.1529497419084861,1.0,0.0
mistralai_Mistral-7B-v0.3,no_dominance,C(tense)[T.present continuous]:C(semantic_role)[T.patient],1,-0.0199916294642885,,-0.0199916294642885,-0.0199916294642885,0.0,1.0
mistralai_Mistral-7B-v0.3,no_dominance,C(tense)[T.present continuous]:C(syntactic_role)[T.subject],1,0.098600551060265,,0.098600551060265,0.098600551060265,1.0,0.0
mistralai_Mistral-7B-v0.3,no_dominance,C(tense)[T.present continuous]:C(valence)[T.-val],1,-0.0648236955915186,,-0.0648236955915186,-0.0648236955915186,0.0,1.0
mistralai_Mistral-7B-v0.3,no_dominance,C(tense)[T.present perfect],1,0.0672376360212098,,0.0672376360212098,0.0672376360212098,1.0,0.0
mistralai_Mistral-7B-v0.3,no_dominance,C(tense)[T.present perfect]:C(semantic_role)[T.patient],1,0.0176273890903987,,0.0176273890903987,0.0176273890903987,1.0,0.0
mistralai_Mistral-7B-v0.3,no_dominance,C(tense)[T.present perfect]:C(syntactic_role)[T.subject],1,0.1475755964006665,,0.1475755964006665,0.1475755964006665,1.0,0.0
mistralai_Mistral-7B-v0.3,no_dominance,C(tense)[T.present perfect]:C(valence)[T.-val],1,-0.0603886195591528,,-0.0603886195591528,-0.0603886195591528,0.0,1.0
mistralai_Mistral-7B-v0.3,no_dominance,C(tense)[T.simple future],1,0.3809888567243329,,0.3809888567243329,0.3809888567243329,1.0,0.0
mistralai_Mistral-7B-v0.3,no_dominance,C(tense)[T.simple future]:C(semantic_role)[T.patient],1,0.0688982282366049,,0.0688982282366049,0.0688982282366049,1.0,0.0
mistralai_Mistral-7B-v0.3,no_dominance,C(tense)[T.simple future]:C(syntactic_role)[T.subject],1,0.2279959542410695,,0.2279959542410695,0.2279959542410695,1.0,0.0
mistralai_Mistral-7B-v0.3,no_dominance,C(tense)[T.simple future]:C(valence)[T.-val],1,0.0496564592633928,,0.0496564592633928,0.0496564592633928,1.0,0.0
mistralai_Mistral-7B-v0.3,no_dominance,C(tense)[T.simple past],1,-0.0389452253069145,,-0.0389452253069145,-0.0389452253069145,0.0,1.0
mistralai_Mistral-7B-v0.3,no_dominance,C(tense)[T.simple past]:C(semantic_role)[T.patient],1,-0.0329829624721016,,-0.0329829624721016,-0.0329829624721016,0.0,1.0
mistralai_Mistral-7B-v0.3,no_dominance,C(tense)[T.simple past]:C(syntactic_role)[T.subject],1,0.0792964390345947,,0.0792964390345947,0.0792964390345947,1.0,0.0
mistralai_Mistral-7B-v0.3,no_dominance,C(tense)[T.simple past]:C(valence)[T.-val],1,-0.0585959298270103,,-0.0585959298270103,-0.0585959298270103,0.0,1.0
mistralai_Mistral-7B-v0.3,no_dominance,C(valence)[T.-val],1,0.0685776483444951,,0.0685776483444951,0.0685776483444951,1.0,0.0
mistralai_Mistral-7B-v0.3,no_dominance,C(valence)[T.-val]:C(semantic_role)[T.patient],1,-0.0071701776413694,,-0.0071701776413694,-0.0071701776413694,0.0,1.0
mistralai_Mistral-7B-v0.3,no_dominance,Intercept,1,1.3187941051726657,,1.3187941051726657,1.3187941051726657,1.0,0.0
mistralai_Mistral-7B-v0.3,no_profession,C(dominance)[T.-dom],1,0.0076539539155499,,0.0076539539155499,0.0076539539155499,1.0,0.0
mistralai_Mistral-7B-v0.3,no_profession,C(dominance)[T.-dom]:C(syntactic_role)[T.subject],1,0.0340561639695023,,0.0340561639695023,0.0340561639695023,1.0,0.0
mistralai_Mistral-7B-v0.3,no_profession,C(syntactic_role)[T.subject],1,-0.1596195765903786,,-0.1596195765903786,-0.1596195765903786,0.0,1.0
mistralai_Mistral-7B-v0.3,no_profession,C(tense)[T.past perfect],1,0.0581063406808155,,0.0581063406808155,0.0581063406808155,1.0,0.0
mistralai_Mistral-7B-v0.3,no_profession,C(tense)[T.past perfect]:C(dominance)[T.-dom],1,-0.0798618861607255,,-0.0798618861607255,-0.0798618861607255,0.0,1.0
mistralai_Mistral-7B-v0.3,no_profession,C(tense)[T.past perfect]:C(syntactic_role)[T.subject],1,0.0637241908482197,,0.0637241908482197,0.0637241908482197,1.0,0.0
mistralai_Mistral-7B-v0.3,no_profession,C(tense)[T.past perfect]:C(valence)[T.-val],1,-0.0711556570870617,,-0.0711556570870617,-0.0711556570870617,0.0,1.0
mistralai_Mistral-7B-v0.3,no_profession,C(tense)[T.present continuous],1,0.198621477399556,,0.198621477399556,0.198621477399556,1.0,0.0
mistralai_Mistral-7B-v0.3,no_profession,C(tense)[T.present continuous]:C(dominance)[T.-dom],1,-0.1113351004464304,,-0.1113351004464304,-0.1113351004464304,0.0,1.0
mistralai_Mistral-7B-v0.3,no_profession,C(tense)[T.present continuous]:C(syntactic_role)[T.subject],1,0.0986005510602682,,0.0986005510602682,0.0986005510602682,1.0,0.0
mistralai_Mistral-7B-v0.3,no_profession,C(tense)[T.present continuous]:C(valence)[T.-val],1,-0.0648236955915164,,-0.0648236955915164,-0.0648236955915164,0.0,1.0
mistralai_Mistral-7B-v0.3,no_profession,C(tense)[T.present perfect],1,0.1249502999442008,,0.1249502999442008,0.1249502999442008,1.0,0.0
mistralai_Mistral-7B-v0.3,no_profession,C(tense)[T.present perfect]:C(dominance)[T.-dom],1,-0.0977979387555833,,-0.0977979387555833,-0.0977979387555833,0.0,1.0
mistralai_Mistral-7B-v0.3,no_profession,C(tense)[T.present perfect]:C(syntactic_role)[T.subject],1,0.1475755964006704,,0.1475755964006704,0.1475755964006704,1.0,0.0
mistralai_Mistral-7B-v0.3,no_profession,C(tense)[T.present perfect]:C(valence)[T.-val],1,-0.0603886195591525,,-0.0603886195591525,-0.0603886195591525,0.0,1.0
mistralai_Mistral-7B-v0.3,no_profession,C(tense)[T.simple future],1,0.5248548235212115,,0.5248548235212115,0.5248548235212115,1.0,0.0
mistralai_Mistral-7B-v0.3,no_profession,C(tense)[T.simple future]:C(dominance)[T.-dom],1,-0.2188337053571469,,-0.2188337053571469,-0.2188337053571469,0.0,1.0
mistralai_Mistral-7B-v0.3,no_profession,C(tense)[T.simple future]:C(syntactic_role)[T.subject],1,0.227995954241071,,0.227995954241071,0.227995954241071,1.0,0.0
mistralai_Mistral-7B-v0.3,no_profession,C(tense)[T.simple future]:C(valence)[T.-val],1,0.0496564592633911,,0.0496564592633911,0.0496564592633911,1.0,0.0
mistralai_Mistral-7B-v0.3,no_profession,C(tense)[T.simple past],1,-0.0278481619698521,,-0.0278481619698521,-0.0278481619698521,0.0,1.0
mistralai_Mistral-7B-v0.3,no_profession,C(tense)[T.simple past]:C(dominance)[T.-dom],1,-0.0551770891462177,,-0.0551770891462177,-0.0551770891462177,0.0,1.0
mistralai_Mistral-7B-v0.3,no_profession,C(tense)[T.simple past]:C(syntactic_role)[T.subject],1,0.0792964390346045,,0.0792964390346045,0.0792964390346045,1.0,0.0
mistralai_Mistral-7B-v0.3,no_profession,C(tense)[T.simple past]:C(valence)[T.-val],1,-0.0585959298270186,,-0.0585959298270186,-0.0585959298270186,0.0,1.0
mistralai_Mistral-7B-v0.3,no_profession,C(valence)[T.-val],1,0.0769426618303601,,0.0769426618303601,0.0769426618303601,1.0,0.0
mistralai_Mistral-7B-v0.3,no_profession,C(valence)[T.-val]:C(dominance)[T.-dom],1,-0.023900204613095,,-0.023900204613095,-0.023900204613095,0.0,1.0
mistralai_Mistral-7B-v0.3,no_profession,C(valence)[T.-val]:C(syntactic_role)[T.subject],1,-0.0845331101190509,,-0.0845331101190509,-0.0845331101190509,0.0,1.0
mistralai_Mistral-7B-v0.3,no_profession,Intercept,1,1.3648394630068692,,1.3648394630068692,1.3648394630068692,1.0,0.0
mistralai_Mistral-7B-v0.3,no_semantic_role,C(dominance)[T.-dom],1,0.0076539539155517,,0.0076539539155517,0.0076539539155517,1.0,0.0
mistralai_Mistral-7B-v0.3,no_semantic_role,C(syntactic_role)[T.subject],1,-0.1596195765905148,,-0.1596195765905148,-0.1596195765905148,0.0,1.0
mistralai_Mistral-7B-v0.3,no_semantic_role,C(syntactic_role)[T.subject]:C(dominance)[T.-dom],1,0.0340561639694938,,0.0340561639694938,0.0340561639694938,1.0,0.0
mistralai_Mistral-7B-v0.3,no_semantic_role,C(syntactic_role)[T.subject]:C(valence)[T.-val],1,-0.084533110119048,,-0.084533110119048,-0.084533110119048,0.0,1.0
mistralai_Mistral-7B-v0.3,no_semantic_role,C(tense)[T.past perfect],1,0.0581063406808095,,0.0581063406808095,0.0581063406808095,1.0,0.0
mistralai_Mistral-7B-v0.3,no_semantic_role,C(tense)[T.past perfect]:C(dominance)[T.-dom],1,-0.079861886160716,,-0.079861886160716,-0.079861886160716,0.0,1.0
mistralai_Mistral-7B-v0.3,no_semantic_role,C(tense)[T.past perfect]:C(syntactic_role)[T.subject],1,0.0637241908482089,,0.0637241908482089,0.0637241908482089,1.0,0.0
mistralai_Mistral-7B-v0.3,no_semantic_role,C(tense)[T.past perfect]:C(valence)[T.-val],1,-0.0711556570870558,,-0.0711556570870558,-0.0711556570870558,0.0,1.0
mistralai_Mistral-7B-v0.3,no_semantic_role,C(tense)[T.present continuous],1,0.1986214773995595,,0.1986214773995595,0.1986214773995595,1.0,0.0
mistralai_Mistral-7B-v0.3,no_semantic_role,C(tense)[T.present continuous]:C(dominance)[T.-dom],1,-0.1113351004464301,,-0.1113351004464301,-0.1113351004464301,0.0,1.0
mistralai_Mistral-7B-v0.3,no_semantic_role,C(tense)[T.present continuous]:C(syntactic_role)[T.subject],1,0.0986005510602624,,0.0986005510602624,0.0986005510602624,1.0,0.0
mistralai_Mistral-7B-v0.3,no_semantic_role,C(tense)[T.present continuous]:C(valence)[T.-val],1,-0.0648236955915202,,-0.0648236955915202,-0.0648236955915202,0.0,1.0
mistralai_Mistral-7B-v0.3,no_semantic_role,C(tense)[T.present perfect],1,0.1249502999442026,,0.1249502999442026,0.1249502999442026,1.0,0.0
mistralai_Mistral-7B-v0.3,no_semantic_role,C(tense)[T.present perfect]:C(dominance)[T.-dom],1,-0.0977979387555821,,-0.0977979387555821,-0.0977979387555821,0.0,1.0
mistralai_Mistral-7B-v0.3,no_semantic_role,C(tense)[T.present perfect]:C(syntactic_role)[T.subject],1,0.1475755964006641,,0.1475755964006641,0.1475755964006641,1.0,0.0
mistralai_Mistral-7B-v0.3,no_semantic_role,C(tense)[T.present perfect]:C(valence)[T.-val],1,-0.0603886195591542,,-0.0603886195591542,-0.0603886195591542,0.0,1.0
mistralai_Mistral-7B-v0.3,no_semantic_role,C(tense)[T.simple future],1,0.524854823521211,,0.524854823521211,0.524854823521211,1.0,0.0
mistralai_Mistral-7B-v0.3,no_semantic_role,C(tense)[T.simple future]:C(dominance)[T.-dom],1,-0.218833705357144,,-0.218833705357144,-0.218833705357144,0.0,1.0
mistralai_Mistral-7B-v0.3,no_semantic_role,C(tense)[T.simple future]:C(syntactic_role)[T.subject],1,0.227995954241066,,0.227995954241066,0.227995954241066,1.0,0.0
mistralai_Mistral-7B-v0.3,no_semantic_role,C(tense)[T.simple future]:C(valence)[T.-val],1,0.0496564592633907,,0.0496564592633907,0.0496564592633907,1.0,0.0
mistralai_Mistral-7B-v0.3,no_semantic_role,C(tense)[T.simple past],1,-0.02784816196986,,-0.02784816196986,-0.02784816196986,0.0,1.0
mistralai_Mistral-7B-v0.3,no_semantic_role,C(tense)[T.simple past]:C(dominance)[T.-dom],1,-0.055177089146207,,-0.055177089146207,-0.055177089146207,0.0,1.0
mistralai_Mistral-7B-v0.3,no_semantic_role,C(tense)[T.simple past]:C(syntactic_role)[T.subject],1,0.0792964390345928,,0.0792964390345928,0.0792964390345928,1.0,0.0
mistralai_Mistral-7B-v0.3,no_semantic_role,C(tense)[T.simple past]:C(valence)[T.-val],1,-0.0585959298270112,,-0.0585959298270112,-0.0585959298270112,0.0,1.0
mistralai_Mistral-7B-v0.3,no_semantic_role,C(valence)[T.-val],1,0.0769426618303591,,0.0769426618303591,0.0769426618303591,1.0,0.0
mistralai_Mistral-7B-v0.3,no_semantic_role,C(valence)[T.-val]:C(dominance)[T.-dom],1,-0.0239002046130949,,-0.0239002046130949,-0.0239002046130949,0.0,1.0
mistralai_Mistral-7B-v0.3,no_semantic_role,Intercept,1,1.3648394629847125,,1.3648394629847125,1.3648394629847125,1.0,0.0
mistralai_Mistral-7B-v0.3,no_syntactic_role,C(dominance)[T.-dom],1,0.0291423979259762,,0.0291423979259762,0.0291423979259762,1.0,0.0
mistralai_Mistral-7B-v0.3,no_syntactic_role,C(dominance)[T.-dom]:C(semantic_role)[T.patient],1,-0.0089207240513426,,-0.0089207240513426,-0.0089207240513426,0.0,1.0
mistralai_Mistral-7B-v0.3,no_syntactic_role,C(semantic_role)[T.patient],1,-0.0017393566311052,,-0.0017393566311052,-0.0017393566311052,0.0,1.0
mistralai_Mistral-7B-v0.3,no_syntactic_role,C(tense)[T.past perfect],1,0.0902740478515706,,0.0902740478515706,0.0902740478515706,1.0,0.0
mistralai_Mistral-7B-v0.3,no_syntactic_role,C(tense)[T.past perfect]:C(dominance)[T.-dom],1,-0.0798618861607207,,-0.0798618861607207,-0.0798618861607207,0.0,1.0
mistralai_Mistral-7B-v0.3,no_syntactic_role,C(tense)[T.past perfect]:C(semantic_role)[T.patient],1,-0.0006112234933078,,-0.0006112234933078,-0.0006112234933078,0.0,1.0
mistralai_Mistral-7B-v0.3,no_syntactic_role,C(tense)[T.past perfect]:C(valence)[T.-val],1,-0.0711556570870585,,-0.0711556570870585,-0.0711556570870585,0.0,1.0
mistralai_Mistral-7B-v0.3,no_syntactic_role,C(tense)[T.present continuous],1,0.2579175676618384,,0.2579175676618384,0.2579175676618384,1.0,0.0
mistralai_Mistral-7B-v0.3,no_syntactic_role,C(tense)[T.present continuous]:C(dominance)[T.-dom],1,-0.1113351004464349,,-0.1113351004464349,-0.1113351004464349,0.0,1.0
mistralai_Mistral-7B-v0.3,no_syntactic_role,C(tense)[T.present continuous]:C(semantic_role)[T.patient],1,-0.0199916294642899,,-0.0199916294642899,-0.0199916294642899,0.0,1.0
mistralai_Mistral-7B-v0.3,no_syntactic_role,C(tense)[T.present continuous]:C(valence)[T.-val],1,-0.0648236955915228,,-0.0648236955915228,-0.0648236955915228,0.0,1.0
mistralai_Mistral-7B-v0.3,no_syntactic_role,C(tense)[T.present perfect],1,0.1899244035993384,,0.1899244035993384,0.1899244035993384,1.0,0.0
mistralai_Mistral-7B-v0.3,no_syntactic_role,C(tense)[T.present perfect]:C(dominance)[T.-dom],1,-0.0977979387555867,,-0.0977979387555867,-0.0977979387555867,0.0,1.0
mistralai_Mistral-7B-v0.3,no_syntactic_role,C(tense)[T.present perfect]:C(semantic_role)[T.patient],1,0.0176273890903974,,0.0176273890903974,0.0176273890903974,1.0,0.0
mistralai_Mistral-7B-v0.3,no_syntactic_role,C(tense)[T.present perfect]:C(valence)[T.-val],1,-0.0603886195591567,,-0.0603886195591567,-0.0603886195591567,0.0,1.0
mistralai_Mistral-7B-v0.3,no_syntactic_role,C(tense)[T.simple future],1,0.6044036865234442,,0.6044036865234442,0.6044036865234442,1.0,0.0
mistralai_Mistral-7B-v0.3,no_syntactic_role,C(tense)[T.simple future]:C(dominance)[T.-dom],1,-0.2188337053571485,,-0.2188337053571485,-0.2188337053571485,0.0,1.0
mistralai_Mistral-7B-v0.3,no_syntactic_role,C(tense)[T.simple future]:C(semantic_role)[T.patient],1,0.0688982282366037,,0.0688982282366037,0.0688982282366037,1.0,0.0
mistralai_Mistral-7B-v0.3,no_syntactic_role,C(tense)[T.simple future]:C(valence)[T.-val],1,0.0496564592633885,,0.0496564592633885,0.0496564592633885,1.0,0.0
mistralai_Mistral-7B-v0.3,no_syntactic_role,C(tense)[T.simple past],1,0.0282915387834902,,0.0282915387834902,0.0282915387834902,1.0,0.0
mistralai_Mistral-7B-v0.3,no_syntactic_role,C(tense)[T.simple past]:C(dominance)[T.-dom],1,-0.0551770891462118,,-0.0551770891462118,-0.0551770891462118,0.0,1.0
mistralai_Mistral-7B-v0.3,no_syntactic_role,C(tense)[T.simple past]:C(semantic_role)[T.patient],1,-0.0329829624721025,,-0.0329829624721025,-0.0329829624721025,0.0,1.0
mistralai_Mistral-7B-v0.3,no_syntactic_role,C(tense)[T.simple past]:C(valence)[T.-val],1,-0.0585959298270139,,-0.0585959298270139,-0.0585959298270139,0.0,1.0
mistralai_Mistral-7B-v0.3,no_syntactic_role,C(valence)[T.-val],1,0.038261195591525,,0.038261195591525,0.038261195591525,1.0,0.0
mistralai_Mistral-7B-v0.3,no_syntactic_role,C(valence)[T.-val]:C(dominance)[T.-dom],1,-0.0239002046130979,,-0.0239002046130979,-0.0239002046130979,0.0,1.0
mistralai_Mistral-7B-v0.3,no_syntactic_role,C(valence)[T.-val]:C(semantic_role)[T.patient],1,-0.0071701776413716,,-0.0071701776413716,-0.0071701776413716,0.0,1.0
mistralai_Mistral-7B-v0.3,no_syntactic_role,Intercept,1,1.2858993530341525,,1.2858993530341525,1.2858993530341525,1.0,0.0
mistralai_Mistral-7B-v0.3,no_tense,C(dominance)[T.-dom],1,-0.0817199707031239,,-0.0817199707031239,-0.0817199707031239,0.0,1.0
mistralai_Mistral-7B-v0.3,no_tense,C(dominance)[T.-dom]:C(semantic_role)[T.patient],1,-0.00892072405134,,-0.00892072405134,-0.00892072405134,0.0,1.0
mistralai_Mistral-7B-v0.3,no_tense,C(semantic_role)[T.patient],1,0.109694998604917,,0.109694998604917,0.109694998604917,1.0,0.0
mistralai_Mistral-7B-v0.3,no_tense,C(syntactic_role)[T.subject],1,0.0491902669270849,,0.0491902669270849,0.0491902669270849,1.0,0.0
mistralai_Mistral-7B-v0.3,no_tense,C(syntactic_role)[T.subject]:C(dominance)[T.-dom],1,0.0340561639694935,,0.0340561639694935,0.0340561639694935,1.0,0.0
mistralai_Mistral-7B-v0.3,no_tense,C(syntactic_role)[T.subject]:C(semantic_role)[T.patient],1,-0.2118887765066972,,-0.2118887765066972,-0.2118887765066972,0.0,1.0
mistralai_Mistral-7B-v0.3,no_tense,C(syntactic_role)[T.subject]:C(valence)[T.-val],1,-0.0845331101190477,,-0.0845331101190477,-0.0845331101190477,0.0,1.0
mistralai_Mistral-7B-v0.3,no_tense,C(valence)[T.-val],1,0.0463098435174854,,0.0463098435174854,0.0463098435174854,1.0,0.0
mistralai_Mistral-7B-v0.3,no_tense,C(valence)[T.-val]:C(dominance)[T.-dom],1,-0.0239002046130956,,-0.0239002046130956,-0.0239002046130956,0.0,1.0
mistralai_Mistral-7B-v0.3,no_tense,C(valence)[T.-val]:C(semantic_role)[T.patient],1,-0.0071701776413692,,-0.0071701776413692,-0.0071701776413692,0.0,1.0
mistralai_Mistral-7B-v0.3,no_tense,Intercept,1,1.4564394269672838,,1.4564394269672838,1.4564394269672838,1.0,0.0
mistralai_Mistral-7B-v0.3,no_valence,C(dominance)[T.-dom],1,0.0001642136346708,,0.0001642136346708,0.0001642136346708,1.0,0.0
mistralai_Mistral-7B-v0.3,no_valence,C(dominance)[T.-dom]:C(semantic_role)[T.patient],1,-0.0089207240513393,,-0.0089207240513393,-0.0089207240513393,0.0,1.0
mistralai_Mistral-7B-v0.3,no_valence,C(semantic_role)[T.patient],1,0.1006199428015388,,0.1006199428015388,0.1006199428015388,1.0,0.0
mistralai_Mistral-7B-v0.3,no_valence,C(syntactic_role)[T.subject],1,-0.0959417433965442,,-0.0959417433965442,-0.0959417433965442,0.0,1.0
mistralai_Mistral-7B-v0.3,no_valence,C(syntactic_role)[T.subject]:C(dominance)[T.-dom],1,0.0340561639694938,,0.0340561639694938,0.0340561639694938,1.0,0.0
mistralai_Mistral-7B-v0.3,no_valence,C(syntactic_role)[T.subject]:C(semantic_role)[T.patient],1,-0.2118887765066968,,-0.2118887765066968,-0.2118887765066968,0.0,1.0
mistralai_Mistral-7B-v0.3,no_valence,C(tense)[T.past perfect],1,0.0228341238839246,,0.0228341238839246,0.0228341238839246,1.0,0.0
mistralai_Mistral-7B-v0.3,no_valence,C(tense)[T.past perfect]:C(dominance)[T.-dom],1,-0.079861886160712,,-0.079861886160712,-0.079861886160712,0.0,1.0
mistralai_Mistral-7B-v0.3,no_valence,C(tense)[T.past perfect]:C(semantic_role)[T.patient],1,-0.0006112234933022,,-0.0006112234933022,-0.0006112234933022,0.0,1.0
mistralai_Mistral-7B-v0.3,no_valence,C(tense)[T.past perfect]:C(syntactic_role)[T.subject],1,0.0637241908482168,,0.0637241908482168,0.0637241908482168,1.0,0.0
mistralai_Mistral-7B-v0.3,no_valence,C(tense)[T.present continuous],1,0.1762054443359333,,0.1762054443359333,0.1762054443359333,1.0,0.0
mistralai_Mistral-7B-v0.3,no_valence,C(tense)[T.present continuous]:C(dominance)[T.-dom],1,-0.1113351004464265,,-0.1113351004464265,-0.1113351004464265,0.0,1.0
mistralai_Mistral-7B-v0.3,no_valence,C(tense)[T.present continuous]:C(semantic_role)[T.patient],1,-0.019991629464284,,-0.019991629464284,-0.019991629464284,0.0,1.0
mistralai_Mistral-7B-v0.3,no_valence,C(tense)[T.present continuous]:C(syntactic_role)[T.subject],1,0.0986005510602706,,0.0986005510602706,0.0986005510602706,1.0,0.0
mistralai_Mistral-7B-v0.3,no_valence,C(tense)[T.present perfect],1,0.0859422956194159,,0.0859422956194159,0.0859422956194159,1.0,0.0
mistralai_Mistral-7B-v0.3,no_valence,C(tense)[T.present perfect]:C(dominance)[T.-dom],1,-0.0977979387555784,,-0.0977979387555784,-0.0977979387555784,0.0,1.0
mistralai_Mistral-7B-v0.3,no_valence,C(tense)[T.present perfect]:C(semantic_role)[T.patient],1,0.0176273890904031,,0.0176273890904031,0.0176273890904031,1.0,0.0
mistralai_Mistral-7B-v0.3,no_valence,C(tense)[T.present perfect]:C(syntactic_role)[T.subject],1,0.1475755964006721,,0.1475755964006721,0.1475755964006721,1.0,0.0
mistralai_Mistral-7B-v0.3,no_valence,C(tense)[T.simple future],1,0.5152339390345926,,0.5152339390345926,0.5152339390345926,1.0,0.0
mistralai_Mistral-7B-v0.3,no_valence,C(tense)[T.simple future]:C(dominance)[T.-dom],1,-0.2188337053571405,,-0.2188337053571405,-0.2188337053571405,0.0,1.0
mistralai_Mistral-7B-v0.3,no_valence,C(tense)[T.simple future]:C(semantic_role)[T.patient],1,0.0688982282366094,,0.0688982282366094,0.0688982282366094,1.0,0.0
mistralai_Mistral-7B-v0.3,no_valence,C(tense)[T.simple future]:C(syntactic_role)[T.subject],1,0.2279959542410753,,0.2279959542410753,0.2279959542410753,1.0,0.0
mistralai_Mistral-7B-v0.3,no_valence,C(tense)[T.simple past],1,-0.040654645647325,,-0.040654645647325,-0.040654645647325,0.0,1.0
mistralai_Mistral-7B-v0.3,no_valence,C(tense)[T.simple past]:C(dominance)[T.-dom],1,-0.0551770891462033,,-0.0551770891462033,-0.0551770891462033,0.0,1.0
mistralai_Mistral-7B-v0.3,no_valence,C(tense)[T.simple past]:C(semantic_role)[T.patient],1,-0.0329829624720969,,-0.0329829624720969,-0.0329829624720969,0.0,1.0
mistralai_Mistral-7B-v0.3,no_valence,C(tense)[T.simple past]:C(syntactic_role)[T.subject],1,0.0792964390346005,,0.0792964390346005,0.0792964390346005,1.0,0.0
mistralai_Mistral-7B-v0.3,no_valence,Intercept,1,1.3530008225278105,,1.3530008225278105,1.3530008225278105,1.0,0.0
